102 2 1
3.28 2.98
3.08 3.09
3.18 3.19
3.41 3.19
3.5 2.95
3.28 2.73
2.99 2.83
2.78 3.2
3.08 3.41
3.5 3.45
3.87 3.28
3.69 2.82
3.3 2.57
2.92 2.51
2.76 2.87
3.0 3.02
2.9 3.23
3.21 3.23
3.25 2.95
3.05 2.84
3.51 2.73
3.57 2.45
3.27 2.34
2.91 2.44
3.16 2.6
2.65 2.79
2.61 1.1
2.93 1.15
3.29 1.26
3.69 1.58
3.91 1.79
4.18 2.1
4.53 1.73
4.19 1.48
4.21 1.77
3.78 1.47
3.49 1.21
3.0 1.01
2.71 0.96
2.3 0.94
1.99 1.41
1.81 1.83
1.88 2.17
1.7 1.72
1.94 1.25
2.21 1.2
2.07 1.51
1.77 1.57
1.73 2.17
1.61 2.52
1.73 2.79
1.72 2.94
1.4 3.19
1.2 3.51
1.48 3.7
1.22 3.99
0.8 4.22
0.65 3.89
0.9 3.79
0.76 3.98
0.44 4.17
1.04 4.08
1.28 3.71
0.98 3.68
1.23 3.17
1.48 2.71
1.5 2.15
1.62 1.9
1.56 2.94
1.47 3.48
1.23 3.71
0.99 3.9
0.47 4.36
0.8 4.42
1.09 4.19
1.4 3.26
1.4 2.67
1.38 2.18
1.55 1.62
1.83 1.11
2.12 0.86
2.69 0.82
3.56 0.94
3.94 1.24
3.39 1.1
3.11 0.91
2.67 0.73
2.26 0.78
2.28 1.29
2.25 1.59
1.97 1.89
1.54 2.04
1.67 1.37
1.54 2.34
1.42 2.83
1.49 3.29
1.31 3.31
1.41 3.79
3.57 1.28
3.83 1.22
3.9 1.72
3.98 1.5