2000 2 2
1.1619 0.95897
1.2277 0.78502
0.84608 0.92894
1.0442 1.2273
1.1744 1.2111
1.1179 0.81937
0.76395 1.154
1.1107 0.93097
0.66977 1.4973
1.1363 0.95119
1.0066 0.66356
0.50112 1.159
0.76757 1.1462
1.0054 0.73946
1.0487 0.87657
1.159 1.1267
0.84583 0.93428
0.92967 1.0658
0.99343 0.85158
1.0165 0.83864
1.3238 0.80468
0.87245 1.0841
0.94342 0.72873
0.77981 0.8444
1.2184 0.99452
0.77678 0.96134
0.99389 0.963
1.1761 0.97904
0.77876 0.75921
0.82317 0.69035
0.83104 0.93036
1.1005 0.82187
0.68114 0.74801
1.1987 0.98575
0.68183 1.1722
0.76662 1.1748
1.1095 1.1682
0.81948 0.95427
0.46527 0.99057
0.97336 1.0362
0.9304 1.0826
0.86048 0.92676
0.94887 1.1079
1.2594 1.3637
0.79097 1.3221
0.99748 0.77562
1.1357 1.1252
0.58854 1.0863
1.1436 0.83766
0.81619 1.3162
1.088 1.2801
1.1179 0.81945
0.99642 1.157
1.1551 0.87091
1.0927 1.2347
0.99601 0.86722
0.36596 0.95511
1.0137 0.92995
1.2752 0.70211
1.0849 1.0211
0.96017 1.0009
0.80384 0.74042
0.95011 0.65476
1.0486 1.1718
0.83807 1.2831
1.1028 0.8797
1.0418 1.0347
0.72201 0.98122
0.93457 1.179
1.3429 0.75081
0.95999 0.99541
1.0205 0.99804
0.85873 0.94234
1.1781 1.004
1.2363 1.1074
0.90207 0.81598
0.89282 1.1164
0.82362 0.87444
0.85109 0.88412
1.0782 1.0124
0.85426 0.91568
0.93141 0.67134
0.65804 0.99907
0.94379 0.87355
0.87637 1.1563
0.97444 0.80821
1.1195 0.6573
0.48366 1.1911
0.8414 0.76375
0.73727 1.1994
1.4692 0.8604
1.3559 0.67353
1.2373 0.83252
1.034 0.78291
0.9416 1.0042
0.93184 0.85414
0.99354 0.99507
1.1107 1.1412
0.84513 0.98718
1.362 0.83426
1.2648 1.1715
0.60026 0.796
1.0269 0.57993
0.79777 1.0314
0.82295 0.65681
1.061 1.2288
1.0008 1.1717
1.0408 0.96916
1.0631 0.8939
0.77128 0.90264
1.059 0.93246
0.80377 0.63446
0.80328 1.1685
1.1599 0.91164
0.94503 1.0388
1.291 1.0879
0.8228 1.0833
1.1048 0.94657
0.94114 1.0032
1.221 1.103
1.232 1.0851
1.0635 0.6861
0.98291 1.0401
1.2707 0.79817
0.81015 1.0395
0.68941 0.94311
0.88524 0.66634
0.98889 1.1583
1.0319 0.85291
1.0598 0.71273
0.95525 1.081
0.62608 0.99567
0.97441 1.1007
1.0121 0.78228
1.2216 0.9901
1.0456 1.1464
1.0006 1.2579
0.80229 1.1448
1.238 1.2665
1.2891 0.67791
0.84469 1.1606
0.84214 1.2629
0.6604 0.87427
0.7464 1.0176
0.70456 0.9434
1.2589 1.2166
1.1421 1.2102
1.0014 0.68044
0.7511 0.99988
1.1599 0.93267
0.77055 1.2089
1.0633 1.0175
0.95458 0.87804
1.1445 1.2327
0.92345 1.1766
0.98592 1.01
0.9912 1.1551
1.3371 1.0794
0.89198 1.1094
1.0308 0.97577
0.91878 1.1425
0.78865 1.0352
1.0163 1.2875
1.3837 0.62902
1.1726 1.3345
0.87421 1.0744
0.91552 0.88039
1.2686 0.86787
1.1639 0.99262
1.295 1.1048
1.1075 1.0399
0.46838 1.1571
1.2275 0.8568
0.73133 0.53187
1.54 1.2933
0.82684 1.2188
0.86256 0.83895
0.50465 1.0061
0.99883 1.3039
0.74922 1.1919
0.75895 0.99289
1.073 1.1206
0.89805 1.1662
0.88112 1.0139
1.1691 1.1442
1.0776 1.1014
1.1817 0.90533
0.91215 1.304
1.3109 0.97524
0.80496 0.92713
0.92514 0.85141
1.1172 0.7544
0.87028 1.387
0.79021 1.1366
1.0954 0.9967
1.0011 0.87616
0.81178 1.169
1.1865 0.94598
1.063 1.3123
1.1664 1.4415
0.8796 0.93097
0.83567 0.62578
0.82447 0.90371
1.2075 1.0698
1.1932 0.62443
1.1161 1.3545
0.97193 0.59693
0.79753 0.90105
0.77899 1.0491
1.4146 1.2831
0.74167 0.60933
0.96137 0.61587
0.7927 1.1312
1.1649 0.88639
1.591 1.0474
1.0483 0.69289
1.3302 1.0343
0.80444 1.0099
1.0064 1.2959
1.0708 1.0698
1.0714 1.1163
1.0677 1.0133
0.92551 0.72459
0.87846 0.77333
1.1143 1.0161
0.76191 0.74176
0.95758 1.2084
0.94529 1.1691
0.89337 0.91537
1.1786 1.4021
0.90972 1.3275
1.0016 0.98134
0.98475 1.0181
1.0719 1.1316
0.91435 0.81751
1.0143 1.0547
0.95376 0.89227
0.81299 1.0875
0.61587 1.0765
0.96402 1.1859
1.002 0.58124
0.88389 0.89608
1.0828 0.90118
1.0185 0.91501
1.0384 1.0596
0.85619 0.71766
0.51428 1.1888
0.97789 1.335
0.65174 0.98258
1.0124 0.73842
1.1598 1.1278
0.83861 0.69927
0.97449 1.1022
1.1879 1.0531
0.71486 1.1866
0.64898 1.1211
0.87649 0.97665
1.2382 1.5271
1.1695 1.3243
1.1133 0.79696
0.9647 0.99368
1.3043 0.82608
1.002 1.0005
0.90329 0.77288
0.79121 1.2635
1.003 1.0085
1.3182 1.0143
0.88496 1.0551
0.9418 0.73565
1.0079 1.1176
1.1948 1.0993
0.96916 0.94755
0.76277 0.75857
1.0566 1.3041
1.0479 0.92077
0.9579 1.1315
1.0534 1.0015
1.3888 0.47295
1.0866 0.54139
0.5641 0.94372
1.0304 0.90407
1.0629 1.1863
1.0743 1.0582
0.78713 1.2613
0.93481 0.77085
1.0203 0.88905
0.98138 1.0576
0.85996 1.1862
0.92838 1.3021
1.2606 0.88024
0.90364 0.57843
0.83821 1.011
0.70599 0.86088
0.98226 1.3361
1.0518 0.85621
1.2686 1.0432
1.1632 1.0135
1.0423 0.72537
0.86733 0.94527
1.1038 0.85563
1.0654 1.0821
0.83934 0.69477
1.3157 1.2797
0.91774 1.1748
1.03 1.1538
0.75213 0.9786
1.3525 1.2697
1.2952 1.0673
1.2646 1.1145
0.88665 1.4629
0.89128 0.73153
1.0134 0.69395
1.1433 0.91976
0.79456 1.0886
0.96344 1.2746
1.3202 0.89522
0.75622 1.1221
1.0119 1.2575
1.2372 0.96338
1.0599 0.47765
0.90638 0.91295
0.82906 0.70418
1.2546 1.3754
1.2871 1.1092
0.84038 1.327
1.1714 1.1239
0.83303 1.0722
0.83129 0.96963
1.0912 0.85858
0.81554 1.1048
0.90668 1.1895
0.877 0.96203
0.75689 1.2208
0.96612 0.95062
0.83801 0.92071
0.81646 0.93395
0.90502 1.2036
1.2193 1.1672
1.1968 0.91243
1.0299 1.0504
0.7687 0.93391
0.90332 0.88351
0.59036 1.3469
1.0226 0.99785
0.92417 1.1543
0.9851 0.98306
1.1546 0.98357
1.0234 1.0818
0.88284 1.237
0.95269 1.0329
1.0979 1.0513
0.99625 0.94051
1.3571 0.80466
0.97582 1.2255
0.58771 0.82273
1.3015 1.1547
1.2189 1.1002
0.5612 0.87228
0.72983 0.86769
1.3309 0.91037
1.5668 0.93058
0.83888 1.1978
1.2635 0.87427
0.9617 0.99075
1.2181 1.0454
0.65774 0.73082
1.3095 0.9882
0.94644 1.3266
0.89066 0.39362
1.1417 1.2358
1.2463 0.93833
0.99634 1.0057
0.89746 1.0695
1.5126 1.1559
1.205 1.2256
0.99716 0.7674
0.97261 1.0104
0.96619 0.79981
1.0448 1.0042
1.1922 0.9663
0.81114 0.84861
1.0104 1.1817
0.91228 1.0981
1.015 1.1116
1.0429 0.72455
1.1309 1.0762
1.4453 1.1537
0.81589 0.98312
0.94937 1.0778
1.1258 0.44496
1.0974 1.0288
0.79279 0.96169
0.7105 1.0695
0.79383 1.0764
0.62721 0.74759
0.8573 0.83061
1.0316 0.46584
0.90598 0.56671
1.1574 1.098
1.4105 0.76329
0.90771 0.91532
1.399 1.2441
1.1581 1.1388
1.1106 1.1986
1.1918 1.2179
1.4508 1.136
1.3281 1.1277
0.85666 0.76101
1.5835 0.87078
1.246 1.1205
0.71212 1.0795
0.72325 1.2299
0.94278 0.98971
1.3818 1.0385
0.95858 0.7111
0.79255 0.64773
0.90676 0.86211
0.76443 1.1461
0.72214 1.1698
1.1165 0.99254
0.60692 1.3124
0.88521 1.0031
0.92589 0.97252
0.90438 1.063
1.106 1.0966
0.85419 1.3405
0.98394 1.0059
0.90105 1.1744
1.2192 1.2607
1.0963 0.80192
1.1283 1.3579
1.0285 1.3501
0.72506 1.1575
1.0956 0.94501
0.86074 1.0756
0.70609 1.4424
0.93903 0.99398
1.1154 1.2026
1.2865 1.0246
1.2131 1.232
1.0715 1.2265
0.87187 1.0803
1.1836 0.96823
1.243 1.0578
0.66579 0.92785
1.1589 1.2929
1.0302 1.1122
0.8396 1.0399
0.88846 0.9952
1.107 0.92878
1.4815 0.92713
1.0233 0.84531
0.79731 1.0604
0.90411 0.73535
0.7905 0.81471
0.8335 0.9011
1.364 0.96554
0.70873 0.9731
1.1122 0.88291
1.1352 1.0547
1.0176 0.97439
0.61306 0.8877
0.49033 0.97456
0.95724 1.2183
0.95778 0.58685
1.2493 1.2723
1.2503 1.0959
1.0879 0.85749
1.3645 1.2531
1.1017 0.92392
0.98612 1.1349
1.1512 1.018
1.1786 0.86119
1.185 1.2336
0.83967 1.1402
0.94295 1.1494
0.75824 0.43827
1.0131 0.85819
0.80651 0.9611
0.97275 0.84832
1.0392 0.93738
0.61564 1.0155
0.87577 0.65178
0.98666 0.65314
0.668 0.59702
1.3402 0.72111
0.45701 1.1544
0.8642 0.75471
1.0508 0.80289
1.3504 0.80518
0.6953 1.1264
0.71915 1.2606
1.4017 1.0512
1.3513 1.0982
0.87593 0.89605
1.1745 0.85038
1.0766 1.2179
0.98657 0.9462
0.92805 1.0352
1.0425 0.75608
0.88421 1.1487
1.3581 0.92825
1.1485 1.2133
0.79956 0.85561
0.99441 1.2391
0.94203 0.98573
1.1753 1.0426
0.90068 1.0179
0.91572 1.1146
1.1682 1.2114
0.73548 0.90389
1.1497 0.80637
0.73268 1.4563
1.2399 1.2655
1.28 1.2957
0.86852 0.55142
0.71543 0.81985
0.58346 0.67974
1.0978 0.82623
0.92782 0.72645
0.94891 0.7672
0.96354 0.91046
0.95555 1.2156
1.0906 1.3523
0.97591 0.90887
0.92264 0.71197
1.2457 0.89813
0.94336 1.0571
1.1528 0.808
0.94933 0.96976
0.90531 1.0365
0.81394 1.1338
0.78654 0.89297
1.1197 0.90208
1.2487 0.57136
0.94273 0.98698
0.80464 1.0057
1.0071 1.0387
0.77163 0.97711
0.895 0.81857
0.89653 1.0156
1.2371 0.83066
1.1146 1.285
1.1715 0.96745
1.067 1.3379
1.0346 0.97144
0.68237 0.90091
1.0294 0.75585
0.92453 1.2552
1.3276 1.2394
1.0556 1.193
1.5128 1.0999
1.2786 1.2487
1.1233 0.91401
0.98926 1.271
0.79358 1.0727
1.0031 1.2037
1.1822 0.68323
0.68897 0.8789
1.3037 0.79006
1.0354 0.82702
0.89721 0.77462
1.1681 1.2874
0.92786 0.89063
0.96063 1.1191
0.6768 1.2856
1.2262 0.87029
0.962 1.2025
0.84621 0.9382
1.2295 0.79733
0.48805 1.0037
1.0034 0.93232
1.0471 1.1612
0.88201 0.83693
0.97988 0.8214
1.1231 1.2989
1.0843 1.4047
1.076 0.95581
0.93476 1.008
1.0977 1.0392
0.87241 0.72425
0.53567 0.97819
1.0339 0.82223
0.95521 1.3362
1.1371 0.90828
0.71398 1.1879
0.9756 1.0231
1.1268 0.92074
1.2424 0.84903
1.0138 1.1767
1.0833 1.2502
0.82621 1.1131
0.68221 1.0242
1.0637 0.77698
1.0796 0.88299
1.3448 1.2924
1.0222 1.0981
1.0163 1.1482
0.79542 1.2136
1.1207 0.94377
1.0062 1.2599
0.86933 1.3066
0.89307 0.73157
0.85514 1.037
0.90473 0.68893
1.2485 1.2449
0.73374 0.65131
1.1365 0.92734
0.86657 0.99621
0.8251 1.0654
0.893 0.84652
0.55752 0.98034
1.2317 0.89174
1.3013 0.59667
1.2422 0.53933
1.0696 0.95503
0.94348 0.91542
0.59097 0.9691
1.1961 1.1617
1.1428 0.91347
1.0201 1.1808
0.8312 0.97472
0.93058 1.0071
0.81212 0.82966
0.85842 1.1632
0.94729 0.96269
1.1332 0.9339
1.0362 1.1434
1.3404 0.89166
0.69258 1.1047
0.80534 0.94502
0.78247 1.0878
1.0699 0.96909
0.54538 1.0458
1.2543 1.1933
0.99368 0.80854
0.81797 1.2955
0.79919 0.89441
1.1616 0.5613
1.0241 0.87134
0.9993 0.89112
1.0037 1.1598
0.82858 1.4776
1.1429 1.0173
0.93305 1.2505
1.263 1.2239
0.83864 0.94592
1.2578 0.97515
0.89169 1.0756
0.9945 0.70524
0.95391 1.2239
0.93328 0.8058
1.0666 1.1017
0.82226 1.2471
0.99027 1.306
0.88828 1.2234
0.89343 0.79975
0.28027 0.95978
1.1516 1.0188
0.77929 0.83978
1.1974 0.89164
0.73151 0.75958
1.134 1.1447
1.3442 0.81614
1.0877 0.69561
1.1678 0.77479
0.82415 1.0624
0.98655 0.68747
1.1453 1.1286
1.0276 0.74974
1.278 0.81068
0.63248 1.068
1.2069 0.96387
0.81776 1.2866
1.0773 0.87897
1.2121 1.014
0.9476 1.1926
1.1203 0.77558
0.92282 1.1194
0.62741 0.6633
0.81784 1.0897
0.80954 1.2107
1.2506 0.81064
0.82794 0.58833
1.077 1.4205
1.0856 1.3029
0.90847 1.0618
0.87472 1.3896
0.99545 0.88108
0.77874 0.67025
0.99133 0.43469
0.81297 0.70772
1.1208 0.80889
1.0992 1.0569
0.91775 1.0333
1.1333 1.1699
0.79701 1.0854
1.0689 1.1027
1.2262 1.175
1.0218 1.0066
1.6379 0.96103
1.0946 0.82648
1.142 1.1026
1.2078 1.1877
0.80982 1.1771
0.95799 1.0694
0.99973 1.1283
0.42076 0.62026
1.2381 1.2208
1.1898 1.0547
1.1593 1.2699
1.1514 1.0429
0.75847 1.1448
1.1275 1.0125
1.1995 1.3136
0.9299 1.3366
1.0509 0.97339
0.82516 0.65337
1.1362 1.316
1.2108 0.82916
1.1483 1.3829
1.0472 1.2401
0.858 0.81238
1.1487 1.2595
0.70899 1.1428
0.9876 0.97694
1.0352 1.1657
1.2911 1.1333
0.94521 1.1589
0.91934 1.2141
0.8127 0.89339
1.0863 0.80319
1.0271 0.87692
1.2163 1.0495
1.0361 0.96381
0.84483 1.2459
0.98018 0.75203
1.0551 0.98167
0.99922 0.96932
0.8619 1.0915
1.1867 0.60469
1.1768 1.246
1.3461 1.1862
1.2387 1.2014
0.61697 1.0216
1.1288 1.27
0.80261 0.87688
0.71769 0.54024
1.0701 1.1369
0.95456 1.1005
1.021 0.70697
0.8727 1.1411
1.299 1.0004
0.57599 1.1184
0.69756 0.58773
1.1174 0.91697
0.96877 1.1249
0.72623 0.86316
0.9432 0.73733
0.91019 1.1908
0.77762 1.0775
0.95503 1.1568
1.264 0.75019
1.3684 0.94473
1.2546 0.82443
0.92625 0.92022
0.88444 0.89709
0.83883 0.77203
1.0386 1.0229
0.85628 0.99083
1.1311 0.9226
1.0004 1.0652
1.0019 1.1815
1.369 1.1603
0.9224 0.91615
1.2255 1.0839
1.3055 0.92743
1.0076 0.95954
0.59889 0.92941
0.89109 1.1049
1.2182 1.0302
1.0254 0.98357
1.0509 1.1569
0.78989 1.108
0.82971 1.1314
0.86086 1.4704
1.1008 0.76034
1.2934 1.2998
1.3316 0.66841
0.96201 0.89338
0.93032 0.73624
0.98828 0.73406
1.0178 1.1517
0.90426 0.97759
1.2421 0.46878
1.0706 1.0263
0.83001 0.86411
0.71426 0.7027
0.98694 1.0657
0.91312 1.4102
1.1522 1.0791
1.0848 0.96071
0.78532 0.8603
0.9538 1.0627
0.69164 0.98919
0.98992 1.1586
1.1488 0.96669
0.8292 0.86762
0.9984 1.0253
1.0274 1.0528
1.0206 1.2468
0.78217 0.93464
0.6745 0.89446
0.71843 0.90679
0.70479 0.90335
0.87189 1.015
1.0113 0.60803
1.0886 0.86927
0.82157 1.3957
1.2839 1.108
0.80904 0.96098
0.97283 1.3295
0.87703 0.92836
0.90082 0.98611
0.86391 1.0359
0.92997 1.1178
0.86097 0.77142
1.3999 0.65506
1.1599 1.2613
0.70818 0.85141
1.2186 1.2066
0.82201 0.81862
0.65746 1.0646
0.94468 1.1514
0.99902 1.0118
1.067 1.1148
0.9931 1.45
1.0677 0.78282
1.2665 0.77256
1.0577 1.2966
1.1656 0.93393
0.93794 0.79192
1.1733 1.0877
1.0423 0.7595
1.087 1.0954
1.1942 0.64093
1.2112 1.2014
1.3481 0.92935
0.92868 1.0104
0.86827 0.74332
1.0477 1.3095
1.0374 0.62383
1.0811 1.1292
1.3193 0.76875
1.0601 1.1934
1.1173 1.1309
0.78791 0.86832
1.2894 0.97221
1.0007 0.88211
0.81113 1.1742
0.92271 1.0409
1.0269 0.85282
1.0873 1.4386
0.56112 1.1115
0.95548 0.89652
1.3001 0.76325
1.0923 0.97272
0.88021 0.7797
0.60856 0.78305
0.93828 0.64931
1.0401 1.3918
1.2072 0.73006
1.0967 1.3789
1.2351 1.1485
1.0815 0.56327
1.1206 0.98539
1.06 0.84387
0.93004 0.73533
0.86144 1.1834
0.8316 1.0914
1.5087 0.97857
1.23 1.2482
1.1949 0.98183
1.2117 1.0897
0.86762 1.0342
0.89543 1.1351
0.92756 1.0618
0.68718 1.0743
1.1246 1.2687
0.84098 0.73887
1.224 0.92391
0.84523 0.63553
1.0997 0.96766
1.0366 0.95477
1.1509 1.2877
1.0641 1.0321
1.0972 1.0478
0.93239 1.0218
1.6019 0.38621
0.89748 0.92115
1.1093 0.95031
1.3135 1.0615
1.045 0.95935
1.1657 1.1045
0.98642 1.1978
0.74159 1.3401
0.75114 1.1971
0.95629 1.0691
1.1179 1.1147
1.088 1.3828
0.7283 1.1728
0.80737 0.95116
1.2146 1.1187
1.1119 0.99229
0.86452 0.9279
1.0613 1.0201
1.249 0.95499
1.1194 1.0289
0.81627 0.98668
1.2208 1.1862
1.0199 1.0283
1.1156 0.9191
0.97885 0.98803
0.77681 0.95486
0.79851 0.74253
0.58931 0.93475
0.75672 1.0274
0.91942 1.1187
1.0243 1.1628
0.84333 1.1934
1.183 1.2128
1.0224 1.3505
1.1519 1.0747
0.88763 1.3928
0.92991 1.1864
0.77612 1.0881
1.6084 1.1317
1.1246 1.3299
0.97917 0.96687
0.99136 0.7218
1.3066 1.1216
0.67026 1.089
1.0979 1.0395
1.2108 1.4242
0.5992 0.76624
1.3942 1.1208
1.3685 1.0374
1.3074 0.99856
1.0594 1.0841
0.77194 0.90898
0.82065 0.91888
0.7876 0.96683
0.95236 0.71842
0.97156 0.72533
1.0395 1.0515
1.0662 1.1246
0.74548 0.93895
1.0184 1.0924
0.85245 0.89699
0.98271 1.1067
0.93514 0.99005
1.0788 1.2763
1.3679 1.3908
1.021 1.2172
0.79027 0.78597
1.0928 0.86034
1.0917 1.0394
0.55806 0.88443
1.0523 0.80479
0.84005 1.0727
1.0452 0.78662
1.0376 1.0303
1.0328 1.1385
0.91715 1.2826
0.63684 0.80387
0.8679 1.0042
1.3972 1.0635
1.0977 0.62066
0.86443 1.0033
0.9479 0.99262
1.0758 0.92283
1.009 1.308
1.0944 0.95195
1.2046 1.1442
0.97523 1.0146
0.86565 0.80119
1.1984 1.1395
1.4003 1.0457
0.38784 0.857
1.4519 0.98837
1.5171 0.86729
1.1277 0.849
1.2219 0.98141
0.90285 0.97242
1.0011 1.1307
0.92267 0.9566
0.88301 1.0154
0.74406 0.76872
1.1176 1.0948
0.94595 1.2428
2.9929 1.1001
2.874 0.97056
3.0801 0.90391
2.8131 1.0844
2.8098 1.0557
2.8278 0.90355
2.9064 0.98174
3.2457 1.0501
3.0223 1.0022
3.0887 0.9209
2.9546 1.0853
2.8992 1.0091
3.2145 0.65412
3.1888 0.9163
3.08 1.1055
3.0533 1.1086
2.8771 0.95204
2.975 1.0675
2.6533 0.95617
3.2838 1.2018
2.7102 1.2365
2.8164 0.80698
2.9849 0.81904
3.0711 1.2133
3.4173 0.99861
3.0101 1.0875
2.9765 0.8204
3.2619 0.42755
2.8538 0.69548
3.1515 0.79701
3.0839 0.85266
3.0597 0.62098
3.1345 1.4272
3.0165 0.63445
2.6232 0.99718
2.6599 0.97762
2.7876 1.1426
2.7112 1.044
3.3859 0.86248
2.5795 0.7353
3.0576 1.355
2.876 0.83257
3.1379 1.1757
2.9715 1.127
3.231 1.0369
2.5085 1.2339
3.0217 1.1157
2.8757 1.0888
2.9349 0.97304
3.0191 1.1532
3.6043 0.63394
2.8453 0.95687
3.01 1.1283
2.8146 0.83358
2.8024 0.84354
2.8694 1.1236
2.8191 1.1141
3.0975 0.89632
2.808 0.95533
2.7919 0.72732
3.0453 1.0775
3.0203 0.93298
3.0366 0.82735
3.059 1.0787
2.7736 0.99522
3.0927 0.91306
3.2003 1.0481
3.0914 1.1151
2.6231 1.062
2.5931 0.91937
2.8984 0.85223
2.8664 1.0978
2.671 1.1178
2.992 0.71339
3.0232 0.89018
3.0894 0.70728
2.9436 0.89797
2.7502 1.1174
3.3379 1.1461
2.9238 1.0207
3.2937 1.1057
3.2287 0.95784
3.2199 0.76428
3.159 1.0387
3.0665 1.0118
2.9537 1.1904
3.3031 1.507
3.3491 1.0661
2.9624 0.81395
3.234 0.87622
2.8049 0.61407
3.3232 1.0972
3.0512 0.94912
3.1155 0.96511
2.7628 1.1503
2.5479 1.0637
2.6132 1.2337
3.3845 0.80484
3.0097 1.1065
3.2284 1.0425
3.0486 0.90078
2.9816 0.79014
2.7305 1.2182
3.0958 0.98983
2.9914 1.3292
3.0722 0.97721
2.9387 0.95555
3.3279 1.0945
2.7479 0.611
2.7952 0.94628
2.8347 0.99314
3.0085 1.1921
3.092 0.90768
2.883 0.98359
3.2618 0.53075
2.8558 0.94203
2.9782 1.0903
3.3398 0.96956
3.1775 1.1301
3.1031 1.2176
3.0061 0.83863
2.8788 1.2285
3.054 0.90351
2.5999 1.2192
3.3047 0.75234
2.9698 0.97161
2.8671 1.2149
3.0582 0.91379
3.071 0.80214
2.9855 0.85054
3.1673 1.0127
3.0397 1.0231
3.1149 1.196
2.952 0.84473
3.3718 1.0091
3.0745 0.73436
2.9595 1.1792
2.9355 0.79039
2.95 0.80341
3.2412 0.59876
3.0076 1.0045
2.7259 0.62566
3.1532 0.60473
3.1534 1.0202
3.427 0.7938
2.8325 0.88415
3.0323 1.3895
2.9042 0.85951
2.6974 0.7648
3.43 0.85844
3.1665 0.80535
3.087 1.484
2.9474 0.83228
3.1079 0.63866
3.2114 1.1404
2.8888 0.94343
3.1706 1.1529
2.5591 1.2535
3.2055 1.4106
2.7016 0.85948
2.7923 0.87866
2.9718 0.89939
2.9058 1.1795
2.8341 1.0221
2.6375 0.86146
2.951 1.1595
3.0204 0.96271
2.722 1.2514
2.9033 1.456
3.0163 0.92773
2.9687 1.2985
2.6771 1.3889
3.0049 1.0498
3.1328 1.1685
3.1615 0.77893
2.5597 0.97194
3.3199 0.87416
3.2593 0.73775
3.0166 0.89975
2.996 1.1489
2.9014 0.84961
3.0176 1.0058
2.9723 0.77828
2.9316 1.0175
3.0805 0.53448
3.1258 0.98846
3.5265 1.0177
3.0028 0.82766
3.2707 1.2129
2.845 0.93762
3.0078 1.1206
3.0805 0.98941
2.8937 1.1147
2.8799 1.2862
3.0075 0.72458
2.9544 0.85994
3.4938 1.1649
2.8411 1.1901
3.0336 1.1354
2.9274 0.90763
2.9306 1.0477
2.7932 1.4101
2.9761 1.0926
2.9096 0.9924
2.985 0.64087
3.0006 1.1382
2.3994 0.98818
3.003 0.95454
2.6199 1.1272
3.141 1.0162
2.9944 1.1028
2.8043 0.9249
3.0391 0.66929
2.7392 0.57256
2.8996 1.0292
3.0559 1.0808
2.9949 1.0788
3.0135 1.1316
2.6176 0.56724
2.8026 0.87056
2.842 1.013
2.8361 0.81606
3.026 1.1549
2.9583 1.3464
2.9717 0.63021
2.734 0.81386
3.1834 1.4825
3.1156 0.94347
3.0376 0.86066
2.8022 1.49
2.8673 0.66093
3.1739 1.0273
2.8295 0.87573
2.9177 1.1762
3.2116 0.85664
3.1015 1.0796
2.8605 0.98523
2.9703 1.0367
2.8756 1.1329
2.8716 1.2419
3.0347 1.2178
3.0476 0.91684
3.1426 1.4034
2.691 0.75954
2.5607 1.3264
2.7595 1.0897
3.1848 0.85618
3.156 1.2742
2.8807 1.0939
2.7681 0.82364
2.8602 1.0828
2.9465 1.5243
3.1162 1.1365
2.8507 1.1109
3.1375 1.1443
2.9647 0.60032
2.7583 0.76264
3.1103 0.79294
3.1087 0.92439
3.1149 0.90859
2.9361 1.1135
2.8891 0.95063
3.2317 0.70708
2.5462 1.0637
3.4291 1.0568
2.9594 0.99344
3.4526 0.92737
3.0898 1.0237
2.8628 0.90454
3.1546 0.79422
2.9692 0.81007
2.947 0.79102
3.0195 0.62215
3.1618 0.61828
2.9294 0.84148
3.0726 0.87212
3.2064 1.2468
3.0719 0.7893
3.0761 1.0559
2.64 0.58825
3.0169 1.0281
2.9048 0.82062
2.9041 1.0822
2.9977 0.77212
3.1249 0.8537
2.8066 0.88391
3.2581 0.58154
3.1096 0.83205
2.9074 0.99831
3.1351 0.84156
3.1937 1.0982
2.9781 1.1909
2.9284 1.2314
3.1576 1.0721
2.9055 0.95935
2.8959 0.86864
3.0105 0.88881
2.8151 0.75166
2.794 0.67912
2.9553 0.9806
2.7962 1.3128
3.5692 0.86033
3.1876 1.0026
3.2586 0.47076
3.1144 0.85498
3.0607 0.81532
3.0771 1.1263
3.0627 1.056
2.8932 1.1256
2.9907 1.2149
3.3848 1.1641
2.6861 1.0233
2.8892 1.1075
3.2916 0.71483
2.6318 1.059
2.867 1.2744
2.6679 0.99791
3.4086 1.0987
3.1336 1.2065
2.9709 1.1814
3.2426 1.2087
2.7819 0.73695
2.6444 1.141
3.2921 0.66687
3.0419 0.98847
3.3588 0.97129
2.5289 1.3296
3.2665 0.98584
2.8573 0.82423
2.6323 0.77562
3.1212 0.74855
3.4448 0.77626
3.16 1.0002
2.9685 1.0116
2.7748 0.68364
2.9937 0.90043
2.8177 0.79181
2.9636 0.66036
2.7594 0.99689
2.6715 1.0345
3.2887 1.0479
3.2 1.0438
3.0383 0.90136
3.2176 0.79675
3.1982 0.90344
3.2909 1.0245
2.9267 1.1657
3.2305 1.0448
2.7942 1.1954
3.2463 0.93118
3.0843 1.3162
2.9495 1.15
3.0401 0.95036
2.9869 1.193
3.1594 0.64835
3.4442 1.2489
3.0546 1.1618
2.7514 0.61574
2.7747 0.97112
3.0049 1.4455
2.99 1.2583
3.3942 0.85294
3.1953 0.9163
2.8265 0.64365
3.1578 1.4487
3.2474 0.90588
2.739 1.2187
3.146 1.1838
3.5085 1.3509
3.0115 0.87619
3.258 0.99004
2.6757 0.88742
2.9439 1.083
3.0781 1.2024
3.1505 0.91565
3.3471 1.2776
2.7058 0.88744
3.2119 0.97933
3.1854 1.1428
2.9525 1.0502
3.3671 1.3082
2.7489 1.0735
3.3377 1.2023
3.2403 1.0122
3.11 0.88794
3.1318 0.67332
2.9413 0.97499
3.2305 1.1762
2.804 0.96357
2.7611 0.97047
3.0575 1.1438
2.8366 1.1657
3.0278 1.1433
3.0174 1.0375
3.2341 0.91703
3.1228 1.2077
3.2156 1.1376
3.1358 0.96522
3.0667 1.2613
2.9205 0.8679
2.9783 0.7488
3.0336 1.1005
2.6308 1.1269
2.8039 1.0357
3.012 0.97341
2.9508 0.92482
3.1953 0.88163
3.0608 1.1634
3.0568 1.0028
3.1822 1.1454
2.7774 1.1151
2.8341 0.64322
2.5248 0.7986
3.088 1.0796
2.9309 1.0382
3.213 0.85149
2.9492 1.216
2.7126 0.95491
3.4388 0.93859
2.989 0.7025
2.9048 0.92862
2.9654 1.2571
2.8574 1.1517
3.0127 1.2273
3.241 0.98554
2.7469 1.2575
3.1361 1.2318
3.2677 1.0396
2.948 0.86224
2.6944 1.0681
2.8713 0.93637
3.283 1.1775
3.0198 0.97998
3.417 0.83324
2.9499 1.0229
2.7702 1.0211
2.7551 0.78101
3.2133 1.0297
2.9322 1.0574
3.0072 0.81604
2.8539 1.1586
2.7464 1.0306
3.0283 1.0493
3.154 0.98186
3.0294 0.93588
3.025 1.0645
2.709 0.83641
3.3135 1.0217
2.8308 1.0491
2.9732 1.0854
3.1897 0.89187
2.8114 1.0319
2.9349 0.79142
3.0163 1.2897
3.0569 1.1577
3.0294 0.94705
2.8449 0.68194
3.1338 0.85472
2.8326 0.85957
2.728 1.01
2.9982 1.0891
3.163 1.0623
3.1067 1.237
3.479 1.0177
2.8739 0.78815
3.1765 0.71312
2.9453 0.59788
3.006 0.82403
3.2647 0.79459
3.0359 0.71401
2.93 1.075
3.305 1.027
2.7829 0.94169
2.9376 1.2681
2.9087 0.88966
2.9646 1.1108
2.5374 1.1127
2.667 1.2029
3.0861 1.1357
3.0148 1.101
3.161 0.79224
2.7292 0.61665
3.0178 1.0202
3.0477 1.2876
3.1721 0.71054
3.1741 0.98067
3.108 0.77471
3.1446 1.1513
3.0332 0.88093
2.7198 0.52536
2.7226 0.88005
3.0222 1.0893
2.77 0.93611
2.9669 1.0565
2.9724 0.88904
3.0597 1.3551
2.966 0.96184
2.6265 0.96161
3.1834 1.4712
3.2899 1.1252
3.0104 0.92814
3.0024 0.87785
2.6089 0.78929
3.1879 0.91476
3.2997 1.2156
2.7962 1.0338
2.8444 0.88948
2.7535 1.2136
3.027 1.3219
3.0603 0.99711
3.0643 0.80142
2.8811 1.0731
2.8134 1.1656
3.1985 0.85733
2.9838 0.94629
2.9638 1.1761
3.2388 1.2193
2.9632 1.039
3.0414 0.93116
2.9406 1.288
3.2842 1.1591
3.0222 1.2008
2.9132 1.0282
3.1874 0.97633
2.7667 1.0662
2.9798 1.0503
2.923 0.99692
2.8775 0.83686
3.1251 0.81151
2.9514 0.75759
2.9232 0.73828
3.0548 1.0231
2.9815 0.98319
2.8009 0.70081
2.8506 0.9629
2.7329 0.77763
2.7066 1.0065
2.8675 1.0445
2.8537 1.211
3.1376 0.73405
2.9689 1.1474
2.7203 1.222
2.9487 0.66085
2.8794 1.5652
3.0037 0.71209
2.6801 0.7911
2.865 1.2569
3.1608 1.062
3.2318 1.0406
3.2114 0.84874
2.7571 0.84528
2.9471 1.238
2.8787 1.4034
2.9824 1.0351
2.9621 0.81898
3.1901 1.2985
3.0367 0.96385
3.0105 0.74894
2.8363 0.94081
3.1402 1.0587
2.7476 0.99622
2.7612 1.2929
3.0258 0.97628
2.8708 1.2404
2.3188 1.2759
2.8138 1.0517
3.2423 0.84738
2.9535 1.1557
2.8084 0.82352
2.7783 0.68959
3.1375 0.90957
3.1967 1.0359
3.0422 0.91014
2.9207 1.1341
3.0098 1.1808
3.0574 1.1979
3.0743 0.86116
2.9438 0.8489
3.0917 1.3909
3.143 0.90823
3.0052 1.0062
2.8904 1.2395
2.8437 1.1806
2.9691 0.82049
3.2994 0.94013
3.0194 1.0447
3.2744 0.86127
2.7023 0.80566
2.9279 0.79277
3.0299 1.1382
3.3017 1.2255
3.1182 1.0532
2.8752 1.1044
3.0249 1.0931
2.9101 0.72997
3.2936 0.97135
3.1556 0.83423
2.9608 0.91745
3.0913 1.3236
2.9863 0.94791
2.9252 0.91097
2.8649 0.88669
2.8149 1.1697
3.0818 0.86915
3.13 0.95655
3.2022 0.9445
2.9495 1.2711
3.0395 1.0639
2.7315 0.88568
2.7401 0.92792
3.0919 1.1471
3.0977 1.079
2.7715 1.1044
3.0381 0.68394
2.961 0.95314
2.9316 1.1085
3.0481 0.90581
3.0467 0.92575
2.9227 0.94578
2.7525 0.8531
3.1563 0.9411
3.1072 1.2332
2.8489 1.2577
2.7243 1.1413
3.0296 1.1613
2.7006 1.0714
2.9579 0.97111
2.9486 0.95992
2.9884 1.1033
2.9554 0.94043
2.713 1.2165
2.9559 1.1324
2.6987 1.2937
3.3269 1.1857
2.8313 1.3238
3.3201 1.2981
3.0765 1.0719
2.8496 0.56389
2.598 1.0545
2.8121 1.0668
2.9787 1.1932
3.0912 1.2994
2.4855 0.99282
2.918 1.1132
2.5937 0.44533
2.9881 1.2667
2.8201 0.75129
2.6618 0.92362
3.0009 0.93229
2.8165 0.81523
2.9989 1.2412
2.9716 1.1469
2.9622 0.842
3.4481 1.1334
2.6492 1.3024
3.0482 1.1579
2.4927 1.0454
3.0694 0.88454
3.0952 1.0323
2.6729 0.88195
3.4404 1.4326
2.9962 1.0273
3.1546 1.2015
3.0312 0.89465
3.1129 0.61328
3.0561 1.0267
3.1971 1.1008
2.9457 0.70357
3.1476 1.2118
3.0816 1.1248
2.7131 0.87562
3.0111 0.88318
2.7463 0.86711
3.0129 0.8616
3.1285 1.0751
2.7063 1.2613
2.9089 0.96368
3.2109 1.0762
2.7658 0.94669
2.7012 0.8281
3.1133 0.75109
2.7342 1.0146
3.2956 1.1827
3.2889 1.0552
3.0644 1.3432
2.6873 0.79455
2.995 1.1278
3.2382 1.2113
3.2802 0.94521
3.0177 0.831
2.7552 0.78909
3.0038 1.1223
2.9291 0.54712
3.2569 0.62883
2.936 1.1086
3.11 1.0823
3.0439 1.1073
3.1197 1.4488
2.7725 0.81403
2.9759 0.80822
3.0648 1.3154
3.1406 0.95478
2.9916 0.99616
2.8668 0.91495
3.1031 1.4127
2.9849 1.0251
2.784 1.2774
2.8871 1.1353
2.6985 1.0931
2.9598 0.99263
3.277 0.90246
2.8958 1.206
2.8389 1.2135
2.9816 0.78846
2.876 0.7132
3.0785 1.012
3.1394 0.77627
3.4346 1.1926
3.0509 0.6419
3.0174 1.1371
3.2132 1.5043
2.9918 1.3904
3.2964 0.80874
2.7469 1.1075
2.7038 0.80916
2.5891 1.3371
3.3435 0.92594
2.9946 0.99803
2.9057 0.91953
3.0777 0.81525
3.1045 0.8903
3.1483 0.86277
2.9185 1.0838
3.1195 1.0554
3.1219 1.1917
3.091 0.89278
2.688 0.86282
2.7515 1.4198
3.0521 0.88998
3.41 1.0447
2.8146 1.1178
3.2233 0.95864
3.3348 1.0335
3.067 1.0088
2.9074 1.1074
3.2987 0.83627
3.0083 0.71066
2.6134 1.4744
3.0773 0.72091
3.0666 0.98914
3.1647 0.89353
2.9378 0.88484
2.964 0.97947
2.9074 1.3329
3.215 1.0534
3.455 1.0995
3.0328 0.9044
3.1413 1.168
3.5897 1.0919
3.1327 1.0929
2.6926 1.4036
2.7104 1.1397
3.106 0.85675
3.2226 1.0636
2.5808 0.93746
2.8724 1.1482
3.2273 0.92933
2.9278 0.89451
2.9602 0.97491
2.7984 1.117
3.1553 0.96058
3.1296 0.80937
2.7156 0.78668
2.9296 0.80738
2.9936 0.78534
3.126 1.0394
3.0449 1.2542
2.7644 1.1377
3.0204 1.1538
2.9669 0.88283
3.106 1.3471
3.0651 1.0204
2.906 0.91978
2.9662 1.0313
2.7722 0.75384
3.171 0.85926
3.2297 1.0224
2.7447 0.71483
2.8976 0.86507
3.1167 0.67846
2.8491 0.90401
2.839 1.1875
2.9849 0.85978
2.9935 0.88295
3.2523 0.83621
2.7962 1.1293
2.8154 1.128
2.945 1.2743
3.1034 0.39013
3.1668 0.55079
3.3116 0.85285
3.3757 1.124
2.7 1.1499
3.3761 0.77294
3.1531 0.89133
3.0976 1.1376
3.0648 0.94855
2.7894 0.73056
2.8827 1.2908
3.1739 1.1751
2.6699 1.248
2.9815 1.5094
3.0114 1.2326
2.9708 0.79372
3.4835 0.97565
2.7451 1.0971
2.9303 1.2452
3.197 1.1011
3.0372 0.94314
3.0256 0.85232
2.8766 0.77641
3.0466 1.1271
2.8926 0.62235
2.9454 1.1337
2.7832 0.58223
3.3241 1.0001
2.8779 1.2416
3.1867 0.95409
3.3379 1.0212
3.0562 0.83779
3.0803 0.87753
3.2439 1.2244
2.8329 1.0879
2.7385 1.2895
3.0249 1.3938
2.8374 1.0932
3.3135 0.98039
2.9376 1.0064
2.9234 0.84261
2.9245 0.96563
2.7499 0.86822
2.834 0.84961
3.1008 0.96957
3.1756 0.78801
3.0959 0.98014
2.7454 0.86252
2.758 0.99399
2.8081 1.3532
3.183 0.87213
2.9894 1.0843
2.7018 1.0662
3.1896 0.91907
2.6916 0.87129
2.9863 1.0894
3.1261 0.61179
2.8806 0.66079
3.0699 1.2565
2.9747 0.87887
2.937 0.5647
3.1801 0.7134
2.63 1.041
3.2861 1.1135
2.9517 1.3079
3.3387 0.88151
2.658 0.61989
2.7963 0.8152
2.8598 0.87522
3.2005 0.597
2.9008 0.91747
3.2568 1.0938
3.0862 0.82126
3.2297 1.286
2.8846 1.2689
2.7896 1.1255
2.967 1.0182
2.6991 0.91004
2.6566 0.96144
3.1662 0.88373
3.1214 0.93184
2.9197 1.389
2.7985 1.0607
3.215 1.2667
2.8116 0.58231
3.1013 0.82847
3.1062 1.5161
3.1109 0.84499
3.2821 0.8685
3.1023 1.0915
3.1924 1.2379
2.9667 0.66954
2.752 0.83728
3.1513 0.7986
2.7693 1.1126
3.011 0.84482
2.5156 0.94023
3.0612 0.8516
2.9229 1.1558
2.8038 0.79481
2.9098 1.1787
3.2287 1.1613
3.208 1.07
3.3558 1.0443
2.9694 0.84122
3.1255 0.89174
2.9541 1.0389
2.9106 1.1497
3.1412 1.4771
3.0791 1.3796
3.5025 1.2526
3.1707 0.73112
2.9403 1.0214
2.8255 1.2968
3.0648 1.114
3.2352 0.94914
2.9674 1.2562
2.9073 1.3781
2.978 1.0236
2.8535 0.85295
2.9076 1.1643
2.9368 0.87845
3.0816 0.91831
3.0006 1.3127
2.9541 1.4082
3.2731 0.97988
3.087 0.86127
2.9628 1.1208
3.2204 0.93871
2.6083 0.94583
2.8296 0.98049
3.3111 1.0089
3.2285 1.108
3.1807 0.77182
3.048 1.4976
2.9839 1.2149
2.7755 1.53
2.9238 0.92237
2.8364 0.83865
3.0077 1.098
3.023 1.093
2.8588 1.0659
2.9005 1.2661
3.3686 1.1209
3.5597 0.90087
3.2062 0.97073
2.9027 1.0651
3.2527 0.83709
2.6829 1.1098
2.9762 0.99869
3.2468 0.99905
3.005 1.2983
3.0118 1.1165
2.912 1.1028
3.0562 0.83015
3.0148 1.0238
3.2719 0.93956
3.2027 0.96521
2.9039 1.0539
2.9833 1.1793
3.2791 0.8167
2.7479 0.89025
2.9702 0.88527
3.2311 0.8837
2.8627 0.69337
2.5352 0.91486
2.7418 0.94764
3.6535 1.0906
2.9083 0.73546
2.9843 1.4259
2.9172 1.5135
3.3015 0.56841
3.1874 1.1145
3.3337 0.75557
3.0249 1.0369
3.0469 1.2364
3.1007 1.1695
2.9898 0.99796
3.1858 0.7116
2.8662 0.99096
2.9836 0.85499
3.026 1.1261
3.124 1.0297
2.9051 0.97355
3.0105 1.1414
3.0552 0.70121
2.9535 0.93384
3.134 1.0262
3.1976 1.1608
2.8585 1.0653
3.0729 1.073
2.9737 0.94332
3.4597 1.2578
2.7086 1.207
2.9619 0.9192
2.8108 1.1067
3.214 0.71146
2.8575 0.99654
3.0338 1.3351
2.9887 1.1195
3.075 0.78317
3.0019 1.1353
