2000 2 2
0.85931 1.2488
0.84148 0.99078
0.58433 0.79856
1.0516 1.1182
1.0133 1.3241
1.1156 0.97531
0.93592 1.0128
1.3529 1.2825
1.3318 1.0437
0.98425 0.97451
1.1561 0.94502
0.64495 0.95636
1.5044 0.9329
1.2003 1.0033
0.94723 0.8176
0.71791 0.95717
0.74038 0.89319
1.1727 1.0171
0.56304 1.37
1.2003 1.1506
1.1002 0.88193
1.0211 1.0775
1.0666 1.2556
0.94803 1.3104
0.98857 1.0369
1.2584 0.85551
0.72799 0.71351
1.1855 1.0553
0.98204 0.90852
1.0397 0.97037
0.87851 0.98433
0.78335 0.84566
1.0393 0.94874
0.86348 0.44499
0.8253 1.0142
1.1893 1.1228
0.92838 0.62086
0.61007 0.94897
0.4924 0.69259
1.1656 0.94431
0.64081 0.71941
1.2153 1.2793
0.93043 0.71807
0.79497 1.0026
0.92598 0.75161
0.93994 1.0082
0.69226 0.98884
0.93849 0.80192
1.2687 1.0536
1.2002 0.99417
1.1575 0.809
1.6257 0.72777
0.83737 0.69712
1.1316 1.0728
0.99804 0.91801
0.8053 0.89686
0.99136 1.627
1.0654 0.73549
1.224 1.1344
0.97721 1.2612
1.2442 0.67169
0.68488 1.0663
1.0589 1.012
1.0958 1.5255
0.88546 1.0263
1.1137 1.114
0.68931 1.0948
1.393 1.2074
0.83535 1.1627
1.1422 0.65324
1.1877 0.80058
0.82946 0.72582
1.2978 1.25
0.96151 1.0112
1.1346 1.299
0.65755 1.0538
0.84479 0.98393
0.86186 1.2552
1.0123 0.65659
1.0863 0.71844
1.3059 0.90705
1.1092 0.85319
1.4301 0.55786
1.3736 1.0359
1.0477 0.64998
0.93018 1.1679
1.0958 0.99371
1.0282 1.0281
1.2515 0.84294
1.231 1.2743
1.0223 0.91602
0.77273 0.82622
1.3045 0.91038
1.1663 0.94058
1.1195 1.1899
1.0303 0.99661
1.2481 0.93561
0.92027 1.2466
1.0077 1.1531
0.99656 0.98996
0.90766 1.1479
1.1717 0.73357
1.1784 1.3321
1.167 0.94025
0.89767 0.92284
1.0233 1.3397
1.0369 0.97076
1.0819 0.9988
1.1976 1.0109
0.79616 0.65269
1.0699 1.4468
1.2569 0.96673
1.0553 0.89303
1.0356 0.95839
1.2426 0.95686
1.0064 1.0024
1.0374 0.86461
1.0269 0.80904
0.75301 0.83255
0.92296 0.39197
0.70785 1.0475
0.79606 1.3266
1.2696 1.32
0.83875 1.026
1.1202 0.80959
1.0055 1.1911
1.218 1.4118
1.0631 1.2974
0.8213 1.4157
1.1259 0.91034
0.97649 0.61347
0.68609 0.8985
0.99077 0.97405
0.7041 1.1227
0.90032 0.68371
1.0439 1.2271
0.94877 0.99235
0.92468 1.0248
1.1686 1.0861
1.1108 0.65124
0.98911 1.1038
0.88183 1.2328
0.94562 1.2509
0.98635 1.1735
1.0188 1.2404
0.82768 1.0558
1.3811 1.1151
0.7918 0.99857
1.0255 1.0772
0.9787 0.75308
1.1864 1.0156
1.149 1.0076
0.88384 1.0699
0.90524 1.078
0.87806 0.98569
1.1045 1.2933
0.75825 1.235
1.0307 0.80712
1.1563 0.75276
0.81038 0.97291
0.75835 1.154
1.0843 0.84225
0.95286 1.2068
1.0104 0.80861
0.94569 1.283
1.0871 0.64817
1.1593 1.3884
0.90827 0.52782
0.76121 1.1305
1.1867 1.2964
0.96433 0.88049
1.2572 0.77405
0.98027 0.95136
1.1131 0.57033
0.84035 0.96426
0.80035 1.0799
0.97551 1.1555
1.3081 0.75203
1.5362 0.97091
0.97663 0.96715
0.76293 0.85475
1.0619 0.94526
1.0219 1.2589
0.87523 0.80768
0.64 0.87992
1.1501 0.60727
0.86854 0.69782
1.1038 1.3321
0.81423 0.68791
0.76473 0.77684
0.72998 0.47937
1.3094 0.90235
1.2183 0.85284
1.0783 0.92901
0.77618 0.95907
1.3181 0.72348
0.96071 0.68581
1.2234 1.1627
1.1849 0.92917
1.0994 1.0639
1.1452 1.1174
0.84495 0.93775
1.0395 0.94514
1.5822 0.99729
0.84083 1.2396
0.91223 0.88484
0.70543 0.71167
1.3963 1.3099
1.4593 1.3768
1.3538 1.0761
0.82178 1.1645
1.1365 0.82102
0.85351 1.0563
1.1036 1.0703
1.2702 0.73213
0.96076 1.2873
0.90473 0.98002
1.2837 0.91149
1.1372 0.8939
1.2175 0.74687
0.54863 0.91171
0.94991 0.83293
0.69135 0.97984
0.94986 1.1726
1.1088 0.7815
0.86822 0.76783
0.81367 0.42628
0.86138 0.70407
0.91658 1.1574
0.61937 1.2917
0.99288 0.71112
0.93858 0.59772
0.71466 0.72101
1.0143 0.85978
1.1271 0.80519
0.98881 1.1024
1.0182 1.1482
0.6917 0.99579
1.0642 0.61659
0.88999 0.92227
1.1285 1.2002
1.1632 0.90641
0.81296 1.1379
0.94437 1.2239
1.0513 1.1693
1.063 0.89589
1.1302 0.90352
0.90995 0.66317
0.78032 0.92493
0.97838 1.2311
1.0417 1.3751
0.95663 0.61419
0.93568 0.53247
1.0377 1.1498
0.73418 1.0444
0.9157 1.1923
1.1676 0.8511
1.4939 1.0938
0.78687 0.82398
1.0093 1.1886
1.0939 0.9984
1.103 0.72355
0.95139 0.8487
0.9425 1.1874
0.78893 0.87451
1.0894 0.77981
1.1473 0.84171
1.075 0.69869
0.69993 1.0402
1.0132 1.4022
1.5845 1.1667
0.89179 0.90217
0.77006 1.174
0.92321 0.80707
0.73785 1.0114
1.0463 0.90272
1.0241 0.51317
1.1514 1.1794
1.082 1.2498
0.70564 0.93734
0.71912 1.1161
1.1177 0.94934
0.78549 0.96093
1.3788 0.79354
1.0575 0.7477
0.95752 0.62924
0.93983 0.92027
1.1279 1.2534
1.1475 0.52662
0.95678 0.93621
0.93843 1.0487
0.85757 1.0999
1.021 1.3185
1.1431 1.0594
1.0667 1.0364
0.85146 0.80941
1.0331 1.1508
0.86029 1.1619
1.3868 1.3867
1.4681 1.455
1.2329 1.1691
0.58243 1.1953
0.671 1.1673
1.0653 0.94495
0.79401 1.2895
0.60519 1.0856
0.86503 1.2242
0.9674 1.2297
1.1363 1.0388
0.7691 0.8881
0.62569 0.97738
0.62448 1.4725
1.0297 0.97449
1.0722 1.2668
1.1981 1.1256
0.93874 0.51586
0.74568 0.86799
0.71658 0.89499
1.1969 0.93822
1.0633 1.0125
1.1992 0.85434
1.2576 1.349
1.4796 1.0868
1.2852 0.92391
1.0929 1.4452
1.0919 0.99601
1.1111 0.83854
1.1862 1.1319
1.1597 0.99371
0.86996 1.0926
1.1669 0.83637
1.002 0.86189
1.1075 1.003
1.2102 0.81817
1.0149 0.88846
0.80275 1.0996
1.0104 0.8935
1.0069 1.1051
0.59949 1.2444
1.0286 1.1056
0.8935 0.94734
1.2267 1.0162
0.77091 0.8949
1.1842 1.0152
0.98479 0.93822
0.86818 0.77956
1.0282 0.88596
1.2299 1.0448
1.3527 0.92356
1.0762 1.1739
1.076 0.71279
1.217 1.1289
0.94752 0.79733
1.0872 1.1014
0.86666 1.0276
1.2838 1.0893
1.0653 0.89197
0.907 1.0103
1.1407 1.3901
1.0205 1.0321
0.76513 1.0804
0.90768 0.98823
0.97302 0.8437
1.0736 0.87937
0.63434 1.064
1.51 0.78176
1.0799 0.72192
1.159 1.1894
1.1936 1.0816
1.0872 1.1979
0.60916 0.88952
1.1009 0.98326
0.94482 0.77286
1.0586 0.71812
1.0588 0.94412
0.98762 1.2651
0.45867 0.77062
1.2004 0.84054
1.1151 0.96116
0.99507 1.1835
0.8384 1.0201
1.258 1.1331
1.2674 0.8178
0.79939 0.99092
0.81629 1.057
0.99164 1.3121
1.2431 0.8315
0.94611 0.99614
1.2716 1.194
1.0166 0.90598
1.1495 0.74451
0.84113 1.2426
0.69795 0.83034
1.1272 0.96494
1.0361 1.1402
0.77488 0.86514
0.58318 1.1283
0.96573 1.0138
1.374 0.95795
0.83212 1.0264
1.3269 1.3165
1.2786 1.087
1.1829 1.1018
0.89366 1.1091
1.2703 1.1302
1.0865 1.0966
0.55651 0.38855
0.97805 1.344
0.82875 0.67951
1.0981 0.92909
0.94539 0.9664
1.1907 0.91098
1.0229 0.64902
1.121 1.0761
1.1561 0.96836
0.97468 1.0015
0.70864 1.2078
1.101 1.0284
1.4111 0.92403
0.80314 1.2072
1.3713 1.2858
0.87145 1.1079
1.2876 0.88967
1.3561 1.1269
0.78456 0.69325
0.44348 1.2324
1.1354 0.93963
1.0683 0.68399
1.011 1.0003
0.76337 1.2565
1.2233 0.91531
1.2495 0.69901
0.82778 1.4428
0.86695 1.4208
0.81886 1.0592
0.99512 0.71545
1.0046 0.95353
1.2457 0.91985
1.239 1.1508
1.3339 1.019
0.66746 0.69341
1.2013 1.0858
1.0165 0.93634
1.0644 0.97853
0.79956 0.77554
1.2612 0.53451
0.73102 1.2068
1.1412 1.0735
1.0958 0.95513
0.96829 0.94101
1.0631 0.96898
0.8757 0.78361
0.94828 0.72197
0.63243 0.94979
1.1102 1.3299
1.1821 0.96086
1.0624 0.62745
1.0867 1.1859
1.3689 0.97612
1.0159 0.82219
1.1075 1.1026
1.2515 1.2626
0.8001 0.94972
1.0876 0.98408
0.96263 0.84898
0.94006 1.2649
1.3093 1.1758
1.1095 1.1167
1.0041 0.79759
1.0429 1.0494
1.0129 1.078
1.2603 1.0001
0.94623 1.0563
1.254 0.93574
1.0747 0.86883
0.91399 0.98166
1.1514 0.74815
1.2199 1.4391
1.1757 1.2934
0.91767 0.92652
0.9684 1.1893
1.44 1.0912
0.92972 0.87392
1.1214 0.99717
1.223 0.73617
0.883 0.59799
0.96714 0.99363
1.1275 0.85012
0.96112 0.99905
0.92504 1.043
1.1269 1.1233
0.94068 1.0409
0.71238 1.4162
1.0935 0.98625
1.1402 1.2386
1.3465 0.92666
1.183 1.2346
1.1998 0.96146
1.1517 0.80239
1.0792 1.108
2.8107 0.81021
3.1546 1.145
2.747 1.2652
2.5774 1.3091
3.0132 1.1795
2.773 0.85585
2.9309 1.2929
2.8931 0.80436
3.133 1.0605
3.3782 0.87274
2.6495 1.2613
2.9753 0.87754
2.7062 1.1907
3.4959 1.3328
2.936 0.58618
3.28 1.1723
3.1934 0.72198
2.8334 0.6969
3.1007 1.225
3.0201 1.0207
2.7107 1.2946
3.3107 1.0183
3.1633 1.0599
2.918 1.0209
3.0124 1.0645
3.0987 1.4165
3.1576 0.77607
3.1337 1.1793
2.7283 1.4224
2.9411 0.9277
2.9263 0.80046
2.822 1.0437
3.2147 1.0703
2.9236 1.3075
3.104 1.1376
3.3028 1.3475
2.858 1.0507
3.0588 0.80771
2.8789 0.87903
2.8049 0.7445
3.0033 1.0112
2.7102 0.76555
3.4653 1.2323
3.2098 1.1357
2.7325 0.92468
2.9948 1.3724
2.9144 0.67773
3.1566 0.8359
2.8098 0.94173
2.7199 0.98804
3.0682 1.0082
3.1352 0.64164
3.2546 1.1562
3.1599 0.84554
3.157 0.83507
2.4312 1.0988
2.9222 0.92363
2.875 0.97282
3.3826 0.83844
2.9621 1.1105
2.8157 1.1827
2.9169 0.80529
2.6208 1.2526
2.9773 0.82055
3.1277 1.1671
3.0752 0.68508
2.8448 0.69014
2.8313 1.0867
2.7546 1.0025
2.8767 0.86918
3.1529 1.1677
2.8061 1.1406
3.2551 0.62137
2.5379 1.1693
3.0342 1.1337
3.2443 1.0829
2.6679 1.2233
3.0566 1.0752
3.2191 0.86843
3.0127 1.1118
3.0803 1.0081
3.0011 0.93341
3.1172 1.1743
2.667 0.88443
2.5752 0.91754
2.9379 0.81053
3.1042 0.63703
2.8558 0.47815
2.547 0.67746
3.1102 0.97118
2.9465 0.58004
2.9731 1.1611
3.0547 0.94369
3.1613 0.83504
3.368 1.1137
2.9573 0.60406
3.0775 0.92234
2.6224 1.1013
2.8176 0.7716
2.9435 0.80206
3.2618 0.913
2.9055 0.59484
3.1775 1.0927
2.9322 0.90787
3.0467 0.90609
3.038 1.0912
2.7251 0.52143
3.1143 1.0122
3.2114 0.59894
3.0239 0.71753
2.8352 0.94483
2.6705 0.94128
2.7851 1.1185
2.8609 0.94542
2.9458 0.79431
2.9316 1.1565
3.1752 0.9776
3.4173 1.1382
3.4101 1.1623
3.1901 1.0316
3.1114 0.58459
3.0174 0.91003
2.9104 0.89195
3.0136 1.0029
2.9015 1.1085
3.1251 1.0247
3.2866 0.8374
3.0105 1.1658
2.7626 0.78021
2.7102 1.1334
3.0269 0.9812
3.3398 0.95715
2.6147 0.71747
2.7813 1.1028
3.3328 0.74774
3.452 0.91602
2.8314 1.029
3.3856 1.0425
2.75 1.1912
3.2126 1.0372
2.8872 1.1559
2.6164 1.2791
3.1731 0.74617
2.7488 0.86966
3.1262 1.2175
2.8232 0.97417
3.1774 0.43794
2.8913 1.0236
3.1238 1.1277
3.2078 1.2165
3.3364 1.3635
3.0312 0.80768
2.8624 1.113
2.9855 1.0482
3.3566 0.91571
2.9664 1.0234
2.957 1.2486
3.4746 0.91038
2.7766 1.0645
2.8721 0.78601
2.7598 0.8056
2.9891 0.89243
2.7504 0.96943
3.0705 1.1723
2.7717 1.3026
2.7588 1.0264
3.232 1.2341
2.7322 1.241
3.1363 0.65085
2.6252 1.1521
3.2506 0.98455
3.1169 1.2899
3.2535 0.88579
2.7587 1.0768
3.1605 1.0579
2.649 1.0833
3.2536 1.1308
3.1573 1.3361
3.4097 0.91601
2.9425 1.0923
2.9563 0.87367
2.7269 1.1251
2.9772 0.89549
2.9141 0.95371
2.7197 0.77288
3.1005 0.78184
3.04 1.2953
2.9486 0.94594
3.4175 0.97637
3.2845 1.2863
2.7617 1.393
3.3343 0.73352
3.0133 0.71608
3.1811 0.74354
3.0282 1.2604
3.0934 1.2665
2.9795 0.63977
3.075 0.90718
3.2726 1.1155
3.1924 0.89636
3.0939 0.91512
3.3266 0.84298
2.8076 1.3129
3.1515 1.4226
3.0269 1.0024
2.8133 0.78344
3.021 1.0322
2.7648 1.1312
2.8972 1.0008
3.1458 1.3119
3.3478 0.85107
3.2713 0.67242
3.3102 1.0233
2.7639 0.81672
2.7545 0.6134
2.9919 0.83054
2.9162 0.78986
3.1519 1.3317
2.8979 0.73549
2.6199 1.01
2.8307 0.95644
3.0175 0.93837
2.8267 1.0425
2.9552 1.3768
2.8522 0.88555
2.6086 1.026
3.3752 1.0866
3.3661 1.1043
2.8645 0.86987
2.8314 0.90021
2.8267 0.78516
3.2401 0.81322
2.668 0.85914
3.025 1.2663
3.0206 1.0931
3.0302 1.0772
3.2159 0.77787
2.9385 0.88679
2.4698 1.1652
2.9226 0.73303
2.829 1.0318
2.9083 0.97392
3.2113 0.62297
3.1668 1.3219
3.1248 0.98892
2.9295 1.1355
3.3831 0.51541
2.9181 0.91371
3.1228 1.0179
3.0365 1.129
2.6597 1.2561
3.1568 0.65761
3.1055 1.1302
2.5892 0.9673
2.7247 0.95917
2.7838 0.79209
2.6872 0.79593
3.2405 0.90426
3.4535 0.7138
2.4963 1.3282
2.9627 1.2994
2.7066 1.2774
3.1532 1.2311
3.2263 1.0093
3.1243 1.1916
3.2246 1.0345
2.7707 1.2537
3.1919 1.0554
2.9809 0.87713
3.075 0.63863
2.9293 0.84485
3.1536 0.79795
3.2746 0.612
2.8012 1.2706
2.9762 0.90371
2.9308 0.86981
2.848 1.1149
2.8974 0.94138
2.8738 0.70513
3.3795 0.91741
3.1259 1.1615
3.0999 1.0734
2.8246 1.6546
2.8441 1.1342
2.973 0.92584
2.9199 0.6721
2.9349 1.2846
2.9502 1.1482
3.1502 0.92235
2.5355 0.8579
2.7485 1.0203
3.1901 1.0603
2.9773 0.96009
3.155 1.1244
3.1749 1.0233
2.8101 0.91179
2.8524 0.79915
2.8691 1.3967
3.2406 1.1996
3.2608 0.79798
2.8666 0.93619
2.7909 0.77572
3.2897 1.142
2.8212 0.95855
3.114 0.76826
3.2285 0.94779
2.6547 1.2383
3.1245 1.2623
3.3467 0.93459
3.5457 1.1999
3.0101 0.88147
2.9079 0.79543
3.36 1.3258
2.735 1.1184
3.3706 0.91901
3.1522 1.036
2.8447 1.2941
3.3591 0.73691
3.0583 1.4961
2.8147 0.71815
2.9974 0.9393
2.9781 0.7482
3.0253 0.99082
3.1466 1.0154
2.7981 0.95265
2.7724 1.0075
2.9445 0.89199
3.0095 1.3499
2.7323 1.3032
2.9631 0.56948
2.8996 0.78739
2.7748 1.2036
2.5133 1.1808
2.8235 1.1485
2.8211 0.97574
2.8666 1.1423
2.9808 1.2288
3.0411 0.61499
2.8102 1.0438
3.0214 0.69204
2.8348 0.53326
3.1358 0.99171
3.1294 0.86661
3.0594 0.95388
3.0803 0.95467
3.2181 0.74677
3.216 1.0411
3.2996 1.1775
3.268 1.2288
2.9774 1.109
3.1122 1.0021
2.772 1.2696
3.3063 0.89432
2.858 1.0925
3.2096 1.0037
3.0198 1.1292
3.1571 1.2243
3.0757 1.2041
3.1256 1.3117
2.8909 0.88202
3.0581 0.94126
3.0135 0.7299
2.8769 1.0779
2.6701 0.82633
3.0084 0.84487
2.7326 1.0337
3.0884 1.3804
2.9962 1.1724
3.1508 0.77429
3.0936 1.132
3.042 1.1881
3.0486 1.0861
2.7344 1.2451
2.67 0.91497
2.9351 1.0948
2.7462 1.0075
2.7242 1.1744
2.7614 1.0759
2.8423 0.83197
2.9792 1.0154
3.1658 0.88149
3.2779 1.1383
2.8287 0.67467
3.0498 0.76069
3.0595 1.4101
3.065 1.1151
2.8548 1.1556
3.1077 1.084
3.2237 1.2904
2.8948 0.93581
2.9056 1.018
2.9153 1.019
2.7835 1.0584
2.9596 1.0303
3.099 1.1284
2.7009 1.2324
2.8108 0.96902
2.8052 0.81653
3.0305 0.76569
2.6422 0.62442
2.8892 1.1246
2.839 1.1775
3.0728 1.0515
3.0497 1.5631
2.9229 1.0526
2.5112 1.0248
2.8214 1.017
3.0463 0.4927
2.9749 1.1654
3.3284 1.1224
2.6796 1.012
2.8143 1.1273
2.8472 1.0888
3.0265 1.12
3.1743 1.3266
2.7781 1.2593
3.1473 0.95882
2.9736 0.84429
3.1478 1.0278
2.6973 1.1282
3.1144 0.93197
2.8396 0.6812
3.2139 0.78754
3.2439 1.065
3.1383 0.83539
2.9948 1.0615
2.663 1.1174
2.9154 0.91724
3.0845 0.92793
3.0588 0.80221
2.9985 1.2797
2.6847 1.1508
2.7674 1.2447
3.111 0.84994
3.1437 0.98538
3.2026 0.74864
3.3972 1.4152
3.2423 0.99833
3.0594 1.2936
3.3416 0.89476
3.0457 0.99981
3.4626 0.90552
3.1207 1.2302
3.0325 1.0806
2.9654 0.81845
2.8551 0.78381
2.9757 1.4887
3.2788 0.66771
3.1849 1.2779
3.0508 0.86739
2.6562 1.1125
2.9848 0.91092
2.6815 1.0029
2.9224 1.0238
3.0657 0.81172
2.7411 0.65222
3.0891 0.72173
3.1782 1.1113
2.7839 0.70531
2.9902 0.99127
2.9077 0.70692
3.3444 1.0811
2.6333 0.91072
3.3677 1.3851
2.9176 1.0392
3.1856 0.78465
3.0281 0.99006
2.7442 1.0328
2.9777 0.96646
3.067 0.84784
2.9969 0.97882
2.9648 1.0925
3.1153 1.311
3.0401 0.83084
2.8273 1.0637
2.9898 1.0876
2.614 0.95278
3.0309 0.85767
2.8962 0.68583
3.0672 1.1747
2.8428 0.85698
2.9365 1.1866
3.2214 1.0326
3.1174 1.427
3.1058 0.92052
2.8579 0.9997
2.9402 0.77466
3.0913 0.7616
2.9601 1.183
3.0613 0.89493
3.3716 0.93017
2.8833 0.8533
2.753 0.79296
3.0471 0.88155
2.8715 0.69006
3.3009 0.7534
2.5681 1.0184
3.016 0.78401
2.9998 1.0223
3.0643 1.2797
2.1932 2.8892
2.0394 3.0867
1.8952 3.0996
1.982 3.0304
2.2197 2.5955
1.9259 2.8416
2.0394 3.1531
1.7974 2.9481
1.9133 3.3531
1.9935 2.6114
1.8318 2.9208
1.8665 3.1041
1.6556 3.2565
1.9586 3.4313
2.363 3.1274
1.7285 3.1457
2.3884 2.8324
2.0062 2.915
2.5443 3.041
2.0148 2.6235
2.0917 2.8491
1.6964 2.7343
2.2192 3.5693
1.9189 2.8851
1.905 2.8933
1.8897 3.0885
2.2119 3.0214
2.0912 2.8004
1.8561 2.9132
2.0884 3.4837
2.1017 3.1934
1.8368 3.0105
1.8851 2.7533
2.0463 2.9742
1.8645 3.2187
1.9492 2.9374
2.2293 2.93
1.981 2.9902
1.6817 2.8231
2.285 2.777
1.5234 3.0617
1.8046 2.8687
2.2099 3.1964
2.059 2.9291
2.1828 3.0747
2.0403 2.7128
1.8622 3.2799
2.1254 3.024
2.2201 3.0748
2.4221 2.9875
1.5892 2.9272
1.9975 2.987
2.2288 2.9844
2.2776 2.9731
2.2531 3.4711
1.9866 2.9538
1.5394 3.0078
2.3893 2.8876
1.857 2.7784
1.8957 2.9866
1.9074 2.9524
2.0812 2.887
2.0863 2.8058
2.2989 2.915
1.7903 2.866
2.0574 3.083
1.8188 2.732
2.0809 3.2756
1.9173 2.8713
2.0836 2.9393
2.0585 2.7191
1.9049 3.0477
2.047 2.7644
2.1851 3.4739
1.8375 2.6426
1.7777 3.1326
2.0511 3.1093
1.933 2.5385
2.0927 2.986
1.5396 2.7858
2.3322 3.1074
1.6263 2.8102
2.0083 3.0917
2.1071 3.153
2.241 2.7855
2.3715 3.0683
2.2574 2.6916
2.2472 3.0161
1.9373 3.2346
2.1434 3.2776
2.35 3.0417
1.9562 2.8636
2.1152 3.0827
2.1887 3.0199
2.2164 3.3998
1.8594 3.0405
1.8831 3.2344
2.128 3.5545
1.9664 3.1386
2.0321 3.2024
1.8792 2.9485
2.1174 3.0616
2.5001 3.3825
2.2343 2.9535
2.0923 3.1161
2.3939 2.8143
2.0753 3.286
1.8317 2.6415
1.9682 3.0596
2.1499 3.1758
2.3388 2.8061
2.0179 3.1427
1.8056 3.0435
2.0974 3.1091
2.1472 2.9728
2.1311 3.1247
2.0926 3.049
1.8934 2.9476
1.6505 2.9421
1.6105 2.9065
1.9876 2.5792
1.8686 2.8984
2.1042 2.9515
1.9114 3.1652
1.9584 3.1217
1.9384 3.3709
1.79 2.7751
2.1938 3.0907
1.6928 2.998
2.3118 2.8549
1.7363 2.9983
1.9512 2.8795
1.9701 2.9393
2.0926 3.0844
2.0278 3.3976
1.8765 2.8877
2.4084 3.0167
1.7847 2.9928
2.38 3.2277
2.1954 3.1185
1.6981 3.0162
1.91 3.1189
2.1479 2.8533
2.081 3.0765
2.017 3.1233
1.6698 2.8555
1.8278 2.985
2.4033 3.0994
1.5724 3.0597
2.026 2.9829
2.1597 2.8995
2.0324 2.9954
2.1543 3.2524
2.0115 2.9758
1.8104 3.084
2.2952 3.0148
1.7683 3.1453
2.1817 2.7548
2.3557 3.1529
2.2353 2.767
1.9277 2.7211
1.8056 2.8224
1.7652 2.8181
2.2806 3.15
2 3.0747
1.9773 2.9233
2.0908 2.8851
2.0521 3.1364
1.5853 2.9557
2.0551 3.4772
2.0161 3.2929
1.8735 3.134
2.1021 3.1182
2.1402 2.8611
2.0145 3.0104
1.8828 3.1164
1.9466 3.1591
1.9445 2.9266
1.8358 3.0063
1.9452 2.9782
1.9755 2.7257
2.0164 3.0501
1.959 2.9494
1.7768 2.8589
2.1213 3.1434
2.0212 3.0673
1.8601 2.7982
2.1007 2.8631
1.7967 3.0838
2.0502 3.092
2.0266 2.844
1.8051 3.0611
2.2441 3.075
1.8083 2.7333
1.8856 3.1713
1.8036 3.0506
1.8133 3.0398
2.1592 2.9673
2.0264 3.1355
2.2738 3.0993
1.927 3.124
1.9258 3.1157
2.1848 3.0872
2.2668 2.9353
1.8609 2.8317
1.9467 3.024
2.1833 3.0884
1.7594 2.8219
2.2259 2.8766
1.8668 3.3264
1.8226 3.1748
2.0317 3.0052
1.9956 2.9825
2.16 2.9685
2.2492 2.961
2.178 3.0157
2.0696 3.1919
2.1381 2.8492
2.2581 2.7157
1.9085 3.3464
2.1587 3.1576
1.9082 3.1152
2.1005 3.052
1.8627 2.8676
2.0009 2.9033
2.2976 3.0242
2.107 3.0578
2.134 3.1573
2.0146 3.3282
1.8791 2.8855
2.2105 2.8915
2.3835 3.0271
2.2612 3.1463
2.4049 2.7941
1.89 3.3078
2.414 3.4102
1.9557 2.6341
2.0556 2.7226
2.3538 3.0565
2.1418 2.874
1.9124 3.0909
2.0162 3.4328
1.7028 3.2169
2.2605 2.8872
2.1884 2.6058
2.1786 3.0443
1.8926 2.9947
2.0331 2.7295
2.0369 3.1007
2.356 2.9258
2.15 3.3213
2.0142 3.1649
2.095 3.0992
2.2572 2.8901
1.993 3.1343
1.8051 3.1038
1.6794 3.1938
2.1535 2.651
2.0573 3.2222
2.0747 2.9557
2.1592 2.7776
1.9299 2.9986
2.3118 3.2252
2.0694 3.1308
1.7437 2.9522
1.6297 3.2092
1.6068 3.0963
1.76 3.2192
2.2099 3.2137
1.77 3.1182
1.7965 2.9839
1.8518 2.9387
1.9237 3.0203
2.1368 3.146
1.9082 3.0436
1.6776 3.1575
1.9888 3.2439
2.0378 2.9671
2.1768 2.9071
2.0357 3.359
2.0765 2.7813
2.2496 3.0908
1.7848 3.0383
2.0922 2.622
1.9305 2.9323
1.6061 3.117
1.7032 2.8714
1.8022 3.0664
1.8368 3.3754
2.065 3.0623
1.7854 2.7934
1.7297 3.3329
2.1224 2.8807
2.1571 2.5501
1.8334 2.5887
2.3325 2.8207
1.6021 3.2734
1.7411 3.0008
1.8134 3.3538
1.9275 3.0389
1.9755 3.0229
2.0683 3.2318
2.2721 2.7214
1.9716 2.8167
1.5908 3.0129
1.5916 2.8422
1.7352 2.8959
1.9426 2.9741
2.0254 2.9382
1.6873 3.2221
1.9117 3.054
2.0047 2.8708
2.1593 3.0266
2.3036 3.1899
2.3848 3.3221
2.0188 3.2844
2.0097 2.7734
2.0613 3.0223
1.7052 2.9324
2.0249 3.0364
1.9173 2.8431
2.247 2.8846
2.294 3.0031
1.6896 2.9697
1.9451 2.5556
2.15 2.5845
1.9806 3.2453
1.8155 2.7898
1.8959 3.2628
1.8182 2.836
1.9414 2.6323
2.0021 2.9945
1.8178 3.0083
1.8725 3.1611
1.9776 2.7594
1.8737 2.911
2.3295 2.9619
1.7804 3.0739
1.6596 2.9153
1.6147 2.8265
2.4842 2.9399
1.9434 2.9652
1.9625 3.091
1.5812 2.7933
1.8886 3.1984
1.9555 3.1042
2.2681 3.0006
1.8438 2.979
2.0745 2.8183
2.1373 3.0197
2.094 3.0225
1.7489 2.7814
2.0569 3.4464
1.7606 3.0694
1.9679 3.1359
1.8785 2.8609
2.0726 3.0281
2.0397 3.0928
2.2055 3.1402
1.8629 3.0249
1.9104 2.9474
1.9493 2.9968
2.0319 3.0297
1.9027 3.1658
1.9263 2.9775
1.9951 2.9425
2.4187 2.6559
1.9474 3.0423
1.7787 3.007
2.2659 3.0214
1.6596 3.142
2.3881 2.9352
1.6849 3.2823
1.7651 3.0154
2.2231 3.0345
1.9446 3.0026
1.8624 2.8548
1.736 2.9176
1.9471 3.4243
2.1357 3.1084
2.1126 3.0703
2.0413 3.1517
2.1813 3.0658
2.1769 3.0057
2.3166 2.6373
1.6884 2.8952
1.824 2.8873
1.9778 2.6304
1.9375 3.1266
2.3546 3.0082
1.9487 2.6125
1.7816 3.2157
1.8651 2.8152
2.188 2.792
1.9283 2.8536
2.1086 2.7474
1.9016 2.9451
2.0712 3.0729
1.7897 2.8487
1.9113 3.3968
2.0709 2.9437
1.791 2.5035
1.8753 3.2722
1.7159 2.9338
1.6772 3.125
1.7179 3.0144
1.8965 3.008
1.6413 2.9369
2.1946 3.2808
1.8208 3.0586
1.9096 2.9122
2.1461 3.1612
2.0469 2.4765
2.4835 3.2881
1.8857 3.0187
2.1562 2.5033
1.7485 2.6433
1.9891 2.6738
2.1674 3.1297
1.7876 2.8328
1.9475 2.7866
2.1699 3.0325
1.7254 3.2068
1.6026 2.7013
1.9637 2.7357
2.0955 3.1715
2.0504 3.1971
2.1862 3.236
2.2944 2.5937
2.0803 2.9371
1.8751 3.068
1.9642 3.1337
2.0197 2.6985
1.7882 3.2078
2.3561 3.2437
1.9393 2.7661
2.0984 2.5526
1.9153 3.0961
2.0267 3.0733
1.8704 2.7904
2.066 2.686
1.71 3.2021
1.9295 3.2137
2.1646 3.0538
1.9295 2.9428
1.8545 2.806
1.6855 3.1102
2.0542 3.0479
1.5711 2.9002
2.3088 3.0536
2.1367 2.9443
2.165 3.3383
1.8236 2.9813
2.3678 3.2088
1.8596 3.1636
1.8297 2.6268
2.122 3.3153
1.9339 3.3164
1.782 2.8318
2.1774 2.6932
1.9823 2.654
1.7883 3.0796
2.1849 2.9341
1.9361 3.0438
2.3788 2.9425
1.8658 2.8403
2.1432 2.9319
2.0725 3.0172
1.6167 2.9027
1.8766 2.7109
2.0295 2.7738
1.9922 2.9988
1.9023 3.0534
2.0229 2.6619
2.1809 2.841
2.0454 3.09
1.9981 3.0169
2.0675 3.2147
1.9534 2.7456
2.0385 2.6771
1.7497 3.0996
1.9079 2.6942
2.1306 2.8318
2.0678 3.2451
1.7053 3.1006
2.2701 2.6591
2.0147 2.9857
2.0672 2.9504
2.1472 3.0891
2.163 2.6967
1.61 3.0315
1.725 3.0592
2.08 2.8166
1.7386 2.8124
2.2294 2.7271
1.9766 2.9881
1.914 2.803
1.8927 2.6768
2.1811 2.7693
2.1729 2.8185
1.7211 2.8903
2.1519 2.8599
2.2108 2.8603
1.9567 3.003
1.831 3.443
2.0425 3.0441
2.0488 3.0557
2.1942 2.6713
2.0685 3.2453
2.0183 2.9531
2.0406 3.0855
1.6424 2.9982
1.9818 2.9892
1.9873 2.7854
2.2144 3.1564
1.8333 2.9059
2.0074 2.7777
1.9117 2.5792
2.1438 2.9816
2.2339 2.7966
2.1028 3.2385
2.0387 2.8746
1.9269 2.8996
1.906 3.0773
2.225 2.9282
1.949 2.8521
2.0201 2.9215
1.9013 3.078
2.1589 2.948
1.7375 2.9933
1.7366 2.6627
1.6058 2.9315
2.2318 2.961
1.9787 3.1056
2.1727 2.7026
2.11 2.829
1.8387 3.089
2.0583 3.0632
1.5263 3.2531
2.373 2.6397
1.9399 3.4351
2.1706 3.2354
1.9127 3.3023
1.9821 2.7408
1.4471 2.9425
1.9816 3.1233
2.0738 3.007
1.5039 2.9371
2.1425 2.9347
1.6909 3.0415
2.1415 2.8356
2.0512 2.97
2.1102 3.2149
2.2912 3.2626
1.8266 3.1194
1.8099 3.2846
2.0019 2.5599
2.1411 3.356
2.0163 2.5977
2.0179 3.1037
1.7782 3.3705
1.8387 3.2751
2.3978 2.7287
1.8012 2.8524
2.1116 2.9263
2.2083 3.0786
1.979 3.0421
1.9747 2.8745
1.8856 3.1898
2.0895 2.6932
2.122 3.1463
2.0618 3.1049
2.1609 2.8052
1.9614 3.0185
1.941 3.2912
2.4059 2.874
1.7562 3.1461
1.7992 3.0047
2.0343 2.8867
2.1213 2.8905
2.2256 3.5065
2.0686 2.9223
2.5074 3.2398
2.0998 2.8424
1.8786 2.7821
2.1873 3.0965
1.6655 2.9359
1.9595 3.0096
2.0662 2.8714
2.1895 3.3748
1.8029 2.7191
1.8927 2.885
1.9353 2.804
1.9257 2.9717
1.7829 2.972
2.3826 3.2244
2.0575 2.8645
1.9331 3.1069
2.0612 3.0106
1.6773 3.2334
2.0221 3.4921
1.9325 2.7312
2.1286 3.044
1.8276 2.8019
1.5004 3.2761
1.6659 2.9111
1.9577 2.9681
1.9763 2.9801
2.1814 2.6199
1.7936 2.8328
1.773 2.6903
2.0761 2.7595
2.2705 2.9063
2.101 2.8139
1.547 2.6933
2.257 3.0525
2.2446 2.9917
1.9862 3.0048
1.8635 3.0874
2.3007 3.3414
2.2139 3.084
1.5678 2.8965
1.6545 2.7799
2.3709 2.7759
1.6935 2.9557
2.2048 3.0591
1.8158 3.0903
2.1806 3.0169
2.0943 3.0148
1.9195 2.7595
1.8871 3.2903
2.0537 2.9615
1.9425 2.861
1.9894 3.006
1.9277 3.1234
1.6908 2.8273
2.0608 3.1106
2.2076 2.939
2.2383 2.936
1.8529 3.3316
1.8619 3.0491
2.1523 2.5767
1.6812 2.824
2.3121 2.8435
2.289 2.9467
1.9976 2.7118
2.0479 3.0561
1.8252 2.6699
2.1637 2.9578
1.8703 2.8751
1.6701 3.0735
2.02 2.602
1.7229 2.8021
1.7424 3.1293
2.1818 3.2122
1.8573 2.7718
1.9524 2.8834
1.7557 3.0016
1.7065 3.1929
2.0347 3.0529
1.921 2.6466
1.7838 2.9811
2.071 3.0577
2.1586 3.0534
2.252 3.3943
1.5896 2.833
1.7967 2.8467
2.1044 3.1694
1.7784 2.877
2.0627 2.9431
1.7852 3.2444
1.7993 3.0014
2.291 3.2525
2.0762 2.7267
2.2556 3.0097
1.7413 3.0068
1.7679 3.0777
2.2135 3.1184
1.722 3.4249
2.1078 2.99
2.0035 2.9152
1.8731 3.1172
1.94 3.1151
1.7903 2.9909
2.1058 2.6603
1.8277 2.6847
1.9426 3.0734
1.7831 3.2151
1.9677 3.1644
2.1325 2.9327
2.0511 2.7962
1.7782 3.148
2.1557 2.97
1.9596 3.0863
2.1284 2.9426
2.0896 3.2311
2.3715 3.0833
1.6863 2.9411
1.7704 2.4274
1.6149 3.0508
1.7254 2.8109
1.898 2.795
2.0413 2.7674
1.646 2.5953
2.4171 3.0351
1.9753 3.2813
1.9939 3.0185
1.8564 3.094
2.1118 2.8587
1.8879 2.9459
1.7004 2.9668
1.7657 3.0755
1.8867 2.5661
2.2898 3.198
1.8963 2.9915
1.7897 2.7492
1.7709 3.0034
1.694 2.9839
2.2856 2.8547
1.882 2.9978
2.3568 3.2652
2.0399 3.2352
1.7952 3.2056
1.9629 3.0017
1.9781 2.7669
2.2023 2.7541
1.9427 3.075
1.9559 2.8687
2.4007 3.0726
1.845 3.2731
2.1602 3.3863
2.012 2.9438
1.8231 2.8673
2.155 2.8591
1.8358 2.8594
2.3282 2.6006
1.8945 3.1979
2.2455 3.1238
2.1327 3.0583
2.4619 3.1057
1.7829 3.166
1.9309 3.3635
1.625 3.0019
2.0826 2.965
2.0391 3.2083
2.2304 2.6129
2.1938 2.6071
1.7805 3.1126
2.0087 2.9611
2.1425 2.8579
2.041 2.8244
2.304 3.0286
2.3838 3.1727
1.9441 2.6507
2.1152 3.021
2.0968 3.0612
2.0782 2.927
1.5112 2.945
2.0611 3.0309
2.0652 2.9289
1.8827 3.245
1.9111 2.7744
1.9623 3.1167
2.2815 3.0611
2.3941 2.7892
1.9401 3.0407
2.0315 2.5333
2.2547 2.6714
2.1113 3.2534
2.058 2.834
2.0162 2.908
2.2053 2.972
2.3116 2.8975
1.9674 3.2086
1.9376 3.0115
1.8714 2.926
2.0637 2.6883
1.6701 2.8884
1.8502 2.9142
2.178 2.9583
2.0337 3.0279
1.9593 2.9634
1.6541 3.0903
2.056 3.2502
1.9542 2.5485
1.9001 3.1556
2.1906 2.8745
1.8791 3.1401
1.7308 3.0562
2.0791 3.1905
1.8446 2.8519
2.227 3.0406
2.3629 3.2783
1.7392 3.5625
1.9457 3.1466
1.9729 3.1865
1.9382 2.8024
1.8796 3.1354
1.9169 3.0965
1.748 3.3121
2.0289 2.813
1.9408 3.0431
2.0951 3.0574
2.159 2.715
2.0485 3.0984
2.1161 2.933
2.0681 3.0402
1.9041 3.1491
1.9087 3.2637
2.0615 3.0601
2.0271 3.0885
2.1074 2.794
1.737 2.54
1.8967 3.0641
2.0057 3.3068
1.7985 2.6283
2.1356 3.0374
2.0651 3.1812
2.0941 2.9012
1.9526 2.9363
2.2502 3.0863
1.6383 3.1358
1.8392 2.974
1.7667 2.9448
1.8532 3.1679
1.7361 2.75
1.9383 3.1225
2.0469 2.9968
1.962 2.6383
2.1536 2.9288
2.0167 2.9677
1.8583 3.0617
1.8787 2.9238
1.974 3.0767
1.8983 3.0591
1.8146 2.8758
2.1274 2.9043
2.3534 3.192
1.9752 3.0219
1.8896 3.2495
1.9113 2.5792
1.9845 2.5166
2.2612 3.0421
1.8277 2.9385
1.7779 2.9974
1.831 2.4728
1.9341 2.9727
1.8955 3.232
1.9526 2.9607
2.0945 3.0268
1.8441 3.1829
2.4151 3.094
1.6927 2.8816
1.9793 3.257
2.0073 2.6984
2.1438 3.2504
1.6901 3.1639
2.0009 2.5758
1.9528 3.1856
1.8578 3.0928
2.2535 3.2298
2.2552 2.9746
1.7436 3.0334
1.8444 3.1271
2.4147 2.7562
2.2119 3.1671
2.0172 2.9519
2.2465 3.0779
2.1199 3.1388
1.9472 2.7753
1.9369 3.2996
1.8323 3.0349
1.9187 3.0122
2.0561 2.9735
1.9427 3.2734
2.0432 3.1156
1.8414 3.14
1.8439 2.8902
1.5673 2.9967
2.1789 2.6977
1.5606 2.9464
2.2115 2.9109
1.8514 2.8551
1.9806 3.0066
1.8736 2.7948
1.918 3.0136
1.9057 3.2058
1.9786 3.0627
2.1507 3.0677
1.9374 3.0571
1.9406 3.2412
2.1988 3.2328
2.0673 3.1314
2.0707 2.9676
2.1125 2.8862
2.183 3.1728
2.0043 2.7598
1.9571 3.1375
2.1678 2.7944
2.1763 3.4463
1.8941 3.2297
2.0374 3.0325
2.0754 3.0169
1.9132 3.1796
1.8662 2.7894
1.8934 3.0531
1.9558 2.7341
1.8001 3.2782
1.9666 2.9386
2.2573 2.6805
2.2076 2.6015
2.0967 2.6378
2.0146 2.531
2.0531 2.7964
2.2843 2.9388
1.9733 2.949
1.8672 2.8254
1.8439 3.0329
2.0594 3.2433
2.238 2.7065
1.6749 3.2854
1.9584 2.8537
1.9834 3.1795
2.249 3.0548
1.9341 3.0637
1.8971 3.118
2.461 2.7897
1.9672 3.016
2.0261 2.8991
2.3353 2.8825
1.8975 2.8989
1.7739 3.1086
1.7118 2.8693
1.9631 3.0151
2.0332 2.874
2.1117 3.0449
1.7254 3.0277
1.7262 3.2201
2.2524 3.1525
1.6311 3.2567
1.9187 2.6379
2.1762 3.2372
1.9222 2.9698
2.1818 2.902
1.9129 2.9093
1.5674 3.0884
2.1627 3.4154
2.0901 3.0542
1.8014 3.22
1.8477 2.915
2.0873 3.0237
1.7944 2.9854
1.8843 3.3336
2.2482 3.1496
1.8599 2.8192
2.0924 3.2154
1.8721 2.69
2.1009 2.7627
1.784 3.2793
1.5841 3.2579
2.1105 2.5826
1.9406 2.6297
2.2031 2.9491
2.2769 2.8801
1.856 2.8964
2.2145 2.8795
1.9701 3.1416
2.2704 3.2159
2.0206 2.8656
1.9534 2.9543
2.1995 2.9739
2.3808 3.0375
1.5753 2.9746
2.0287 2.8649
2.1302 2.7731
1.8244 3.2939
2.0633 2.7439
2.066 2.743
2.1636 3.1102
2.0543 2.9775
1.9643 2.9964
2.2225 3.0617
2.425 2.7967
2.0637 3.0476
2.1002 2.8754
1.7226 2.793
1.9626 3.261
1.9482 2.807
2.1109 2.7921
1.9413 3.1271
2.0972 2.77
2.0056 3.1933
1.9678 3.1255
1.8487 2.9421
1.8242 3.3444
1.9723 2.9553
1.9915 2.765
2.6107 2.8018
1.8055 3.0027
2.1682 2.804
