2100 3 2
0.74554 1.1211 0.60891
1.1214 0.80852 0.90014
0.91901 0.68036 0.97537
1.1554 1.081 1.1162
1.3183 1.0461 0.85846
1.0597 0.96705 0.73804
1.0647 0.93642 1.1401
1.2893 0.94065 1.0448
1.0325 0.74404 0.99376
0.88047 1.0375 0.9089
0.6562 0.86191 0.76408
1.0635 1.1313 0.57386
1.3465 0.98321 1.1488
0.816 1.2189 0.87992
1.0781 1.37 0.78156
1.0134 0.73467 0.78747
1.0568 0.99194 1.0765
0.77532 0.78529 0.9129
1.2624 1.1476 0.95584
1.241 1.1833 0.96443
0.95878 0.77232 1.1538
1.2099 1.0904 1.2215
1.2916 1.338 1.036
0.92407 0.71328 1.0118
0.78341 0.75392 1.3158
1.0994 0.74174 0.84743
1.2907 1.2368 1.0456
0.97373 0.67194 0.98685
1.1973 1.2025 1.2988
1.1407 1.1679 0.77806
1.0406 1.0951 1.1956
1.0364 0.85737 1.0487
1.0604 1.2002 0.82283
1.2245 0.96177 0.74138
0.89411 1.2578 0.94007
0.83121 1.0274 0.75768
1.2333 1.2265 0.75592
1.3509 1.0941 0.96945
0.9039 0.71287 1.079
0.75654 0.82693 0.74385
0.97293 1.0101 0.84343
1.172 1.1255 0.94195
1.1548 1.3951 0.8501
0.95334 0.76175 1.3082
0.89237 1.094 1.2537
1.0826 1.3879 0.85218
0.69154 1.008 0.83791
1.1195 0.64717 1.1147
1.0064 1.0396 1.0124
1.1819 1.1933 1.0965
0.6715 1.3551 1.1907
0.99092 0.96192 1.1317
1.0175 1.4029 1.0485
1.1291 1.0209 0.90712
0.68372 0.76705 0.82394
0.74191 1.0444 0.88458
1.0438 0.82175 0.78657
0.78888 1.1405 1.3447
1.2441 1.2146 0.60233
0.80956 1.2357 0.68003
0.77273 0.59633 1.322
0.76471 0.62161 1.3057
0.70382 0.98709 0.63222
0.94475 1.0547 0.7991
1.071 1.2795 0.95265
1.0001 0.96421 0.8064
1.1456 0.86573 0.87344
1.343 1.2219 1.2954
1.2109 0.88146 0.81756
1.0382 1.0285 0.82863
1.199 0.73042 1.0254
0.92069 1.1036 0.95675
0.80829 1.1187 0.77656
1.3074 1.2092 0.91657
0.98992 1.0885 0.92465
0.78234 0.94673 1.2774
1.1355 1.2871 0.72968
0.99809 0.73649 0.37086
1.2405 1.055 0.82004
1.1028 0.84883 0.92592
1.0664 1.4148 0.55255
0.7956 0.92016 0.97566
1.2576 0.94765 1.3738
1.1131 0.9224 0.7566
0.82002 1.1295 1.0749
0.81505 0.86547 0.78514
1.1511 1.174 0.90399
1.4644 1.2272 0.9672
0.91241 1.197 1.0699
0.83285 0.82602 1.0861
1.084 0.83979 0.86049
0.80321 1.0017 0.89517
0.84694 1.2418 0.85217
1.0084 1.0244 0.92484
0.95835 1.0201 1.4331
1.2128 1.2001 1.1409
1.0577 0.99637 0.96515
1.2377 0.86742 0.93871
1.0378 0.86297 1.1667
1.003 0.85031 1.2405
0.82511 1.32 1.0759
1.0319 0.9168 0.78061
1.0978 0.85114 1.1554
1.2561 1.0053 0.64543
0.95804 0.89011 1.2245
1.2839 0.7852 0.93024
0.95951 1.0464 0.93522
1.2818 0.79567 1.2025
1.2279 0.86485 0.5498
0.90988 1.3423 1.2191
0.50762 1.1299 0.90932
1.152 1.0988 0.78515
0.97734 1.1052 1.0151
0.87336 1.1397 0.88411
0.92999 0.77982 1.2694
0.82785 0.79009 1.1159
1.0552 0.88345 0.65321
1.2246 0.98953 1.0784
1.0587 0.88189 0.51139
1.134 1.1026 0.91733
1.1266 1.2908 1.1778
1.2503 0.87567 1.0992
1.1556 0.93362 0.85482
1.1133 0.77712 1.149
1.2171 0.94398 0.92875
0.85126 1.1473 0.98123
0.91816 1.1001 1.0884
1.1597 0.87568 1.0474
0.91108 1.0442 0.67736
0.99092 1.0674 1.362
0.63471 0.85149 0.95637
0.84368 1.0437 1.1245
0.782 0.89389 1.1252
1.1718 1.0662 0.73154
0.95929 1.1267 1.0969
0.5892 0.95654 0.92587
1.2025 0.88204 0.37526
1.2345 0.79824 1.1371
0.87395 1.0769 0.93205
1.1622 1.2333 1.2874
1.1533 0.97164 0.97343
0.82159 1.326 0.89833
0.95389 1.0357 0.82807
1.2786 0.75036 0.8869
1.105 0.88518 1.2753
1.0917 0.70398 0.88459
0.87328 1.0523 0.82773
0.95588 1.1612 0.74573
1.0992 1.1403 0.94525
1.0694 0.97552 1.1592
0.82323 1.1364 0.92212
1.6963 0.97304 1.005
0.795 0.65323 1.0321
0.64022 0.87215 1.3872
1.0881 0.97224 1.1388
0.85261 0.96536 0.92085
0.88157 1.0467 0.62463
0.69662 0.7789 1.4576
0.63751 0.95496 1.0441
0.99487 1.1634 0.99854
0.86915 0.8344 0.95292
1.2259 1.1806 1.0669
0.85668 1.17 0.99922
1.2058 1.0867 1.2653
0.8973 1.2443 1.1557
1.113 1.2782 1.1891
1.0798 1.0182 1.0157
0.84125 0.93174 0.96447
1.1383 0.81177 0.78101
0.57795 1.0389 0.83836
1.0463 0.83998 0.81155
0.8769 1.166 1.187
1.156 1.1273 1.0843
0.85435 0.79339 0.96242
0.89176 0.97335 0.9143
0.89565 0.6175 0.9382
0.9517 0.95723 1.037
0.85479 0.75911 0.82977
1.0367 0.96237 0.87018
1.1201 1.0751 0.98117
0.93883 1.4123 0.60051
0.96589 1.1323 0.86719
0.93762 0.73898 0.91561
1.1416 1.2803 1.4533
1.2211 0.75827 1.374
0.9713 0.355 0.99409
0.90553 1.3578 1.0371
1.2034 1.1291 0.95003
0.97532 1.0662 0.9482
0.49543 0.68838 0.91808
1.2442 0.98091 0.83907
0.91178 0.6581 1.2259
0.71877 1.2051 1.0171
1.2937 1.1637 0.9171
1.4873 0.53086 1.1149
1.1285 1.3612 0.82116
0.75186 0.6145 1.0169
1.3977 0.93592 0.62772
0.93965 1.25 0.97251
0.99944 1.0346 1.2694
1.4581 1.1863 0.99764
1.4423 1.1829 0.9009
1.2737 1.0757 0.79384
1.0761 1.0281 1.5651
0.93384 1.1017 1.0247
1.3553 0.97322 0.90166
1.1659 1.0294 0.91425
0.97327 1.2261 0.97939
0.90786 0.75172 1.3373
1.0521 1.285 0.91958
0.88771 0.86328 0.78336
0.9073 1.2164 0.79088
1.1914 0.65243 1.0952
0.95729 1.2171 1.1225
1.1193 0.77416 0.99992
1.1889 0.91763 1.0579
0.63793 0.50809 1.1595
1.0358 1.1924 0.93305
1.13 1.193 1.2621
0.9587 0.63902 1.2921
1.0711 0.86165 1.0695
0.87536 0.92139 1.2389
0.89828 0.96688 0.74304
1.1423 1.215 0.82712
0.81141 1.148 0.89186
1.2903 0.774 0.97557
0.93039 1.0708 1.254
0.94089 0.79378 1.0273
1.0132 1.3531 1.3186
0.93777 0.81561 1.0361
0.77291 1.4003 1.142
0.77309 1.3453 1.0478
1.2046 1.0441 0.83545
0.72264 0.70741 0.88046
0.9696 0.98275 1.1889
0.74808 1.094 0.86438
1.0907 1.2794 0.97048
1.1587 0.83255 0.73027
1.0581 0.77062 0.83337
1.1664 0.6669 0.43849
1.0442 1.156 1.191
0.74213 0.79237 1.1357
1.256 1.4649 0.81568
1.2407 1.0825 1.0872
0.81314 1.3063 1.0971
1.149 1.1725 0.82395
1.2919 1.1528 1.2317
0.94103 0.85734 1.4309
0.87983 0.67165 0.69451
0.84771 1.0428 0.79477
1.1696 1.223 1.2509
0.94599 0.86809 1.3423
0.80547 1.0243 0.76719
1.1186 1.0659 1.1722
0.86119 0.77387 0.4383
1.2317 1.0169 0.94853
1.046 1.0462 0.41918
0.79618 0.95003 1.013
0.77617 1.4541 1.1177
0.88389 1.0091 1.1968
1.1947 0.86069 1.0906
0.9694 0.58086 0.93415
0.99221 0.71158 1.0648
0.98238 0.89524 0.75663
0.56088 1.1697 1.1044
1.1772 0.86181 0.75454
0.89875 0.65224 0.29568
0.97422 0.85504 1.3519
1.1086 0.6839 1.0783
0.90743 1.5335 1.0482
1.3718 1.1335 0.69716
0.94715 0.77168 1.1186
0.66819 0.98164 1.103
1.4928 1.1481 1.0359
1.0532 0.88854 0.99403
1.0074 0.51509 0.83324
1.259 0.97106 1.3779
1.22 1.1573 1.3509
1.0998 1.102 1.0188
1.5103 1.3215 0.84074
1.1974 1.105 0.94256
1.4877 0.82701 1.0018
1.1995 0.84417 0.91189
1.0059 1.3447 0.87446
0.97026 0.74584 1.1271
0.5934 1.0472 0.68058
0.96552 0.84787 1.2337
0.61182 0.9884 1.1498
1.2782 0.93577 1.0287
0.91484 1.1333 1.405
0.83291 0.99507 0.77654
0.91525 0.82329 0.69213
1.1388 0.87918 0.75348
0.65308 0.80111 0.92582
0.88409 0.9842 0.89548
0.79743 1.4422 1.3764
1.1978 0.79788 1.0556
0.97023 1.0326 1.053
1.1263 1.0079 1.1628
0.654 1.0434 0.36174
0.58594 1.0719 1.0566
0.8306 1.3244 1.0242
0.9341 1.1414 1.2716
0.68028 1.1332 0.67043
0.9003 1.0309 1.1652
0.76054 0.60575 1.2142
1.0766 1.2555 1.2628
1.135 0.7553 1.1935
1.1011 0.94292 0.88422
0.80479 1.002 1.0423
1.4446 0.84644 0.77446
1.1464 0.96903 0.88439
1.1873 1.0606 1.1056
0.78908 0.94062 1.0144
0.80593 0.88451 1.1114
1.1825 0.83245 1.1376
0.82862 0.57759 0.73981
0.99797 0.97136 0.88205
0.81599 0.92827 0.78655
1.027 1.0705 0.87327
1.1308 0.94596 1.1347
1.0848 0.96576 0.8311
0.77873 0.81312 0.82601
1.0712 1.3556 0.6642
1.3234 0.94226 1.175
0.78254 0.81409 1.0297
1.047 1.0306 1.1024
0.94971 0.89338 0.9711
0.88038 0.78854 0.88043
0.92979 1.2393 1.2779
0.88236 1.0583 1.3679
0.66606 1.5173 0.80701
0.82966 1.1693 1.2783
0.31222 0.72244 1.1059
0.74041 1.055 1.0248
0.98081 0.84066 0.71116
1.0975 1.3094 1.1293
0.82672 1.0701 1.0018
1.4292 1.3082 1.1303
1.0284 1.1604 1.3157
1.0699 1.1826 1.2531
1.0172 0.96349 0.79339
0.97042 1.2521 1.2314
1.4139 1.2571 0.94621
0.72668 1.2038 1.0712
0.98699 0.9256 0.9896
1.0554 0.99015 0.70901
1.2642 0.997 1.1371
0.9555 0.6504 1.3635
0.7146 0.9111 0.73942
1.1584 0.95121 1.0088
0.91996 0.87205 1.0514
1.2404 1.1687 0.9104
1.1335 0.66509 0.92818
0.79426 0.92587 0.94898
1.2875 0.80592 1.5109
0.96507 1.1307 1.2104
1.0037 1.0217 1.2231
1.1501 1.0144 0.88405
1.0654 1.0192 0.94215
1.207 1.122 0.95675
0.83422 0.64603 1.0347
1.5875 0.68669 1.2971
0.80166 1.016 1.0412
0.94531 0.72432 0.67512
0.73704 0.94524 1.1189
1.0989 0.97949 1.0042
0.87199 1.3649 0.88475
1.1134 1.0801 0.89616
0.73155 1.1757 1.1061
0.73287 0.79685 0.75939
0.99248 1.1451 1.0016
1.1082 1.1054 1.1021
0.89395 1.1253 1.1752
0.80382 1.346 0.82293
1.105 1.0492 0.94836
1.1172 1.2835 1.0619
1.1769 1.0261 0.96976
1.3001 0.93635 0.52453
1.1998 0.95432 0.6241
1.0686 1.3475 0.89752
0.77522 0.54718 1.0907
1.2569 0.98974 1.196
1.099 1.2672 0.64514
0.87478 1.1487 1.0327
0.76684 0.83914 0.8814
1.1353 1.0058 0.87581
1.1237 0.80772 1.1137
1.1563 0.9836 0.52567
0.90262 0.77345 1.2848
1.1999 0.99559 0.99879
1.0114 0.61448 0.76436
0.817 1.05 1.2371
1.0099 1.1377 1.2001
1.0476 0.79713 1.2065
0.99834 0.69816 0.94251
1.0059 1.2929 1.4206
0.70103 0.7456 0.97661
0.99647 1.0302 1.3872
1.2217 0.68618 0.83503
0.66214 0.95758 1.2408
1.3881 0.99532 0.94176
1.1249 1.2647 0.83239
1.0112 0.89059 0.7384
0.66172 1.0082 1.1321
1.1189 0.76044 0.64629
0.9616 0.80653 0.91444
1.4132 1.5525 1.132
1.1795 0.74746 0.89818
0.81174 1.1633 1.2079
0.90143 0.93049 0.83283
1.0529 1.0036 0.85087
1.1389 0.87222 0.94562
0.81566 0.92056 1.1568
1.2159 1.0422 0.93168
0.95271 1.0058 0.92484
0.90851 0.85248 0.96295
0.96486 0.967 1.026
1.0495 0.76526 1.1331
1.2023 1.0338 0.96738
0.88039 1.09 0.98674
1.3946 1.1962 0.75381
1.0834 0.81393 0.92496
0.93516 0.92876 1.1322
0.65031 1.2823 1.273
0.89226 0.36047 1.0646
1.0997 1.0991 1.4132
1.0796 0.83857 0.82905
0.91882 1.2509 0.96656
1.1218 1.2826 0.74591
0.96609 1.1341 1.1095
1.1439 1.1493 1.1111
0.87331 1.2776 1.1114
0.77602 0.96686 1.1528
1.1145 1.0341 0.72672
1.2652 0.68175 0.99928
1.1488 1.158 0.94543
1.1017 0.78798 1.403
0.84979 0.82133 0.77455
0.71921 1.0841 0.63505
1.0981 0.92219 0.86372
1.1091 0.79687 0.9214
1.167 1.2044 0.87785
1.1402 0.53604 0.7257
1.2615 1.0297 0.68008
1.1291 0.86126 0.98927
0.87406 0.83843 1.0613
1.1689 1.3237 1.1216
0.50384 1.3281 1.1456
0.92544 1.0003 1.1448
1.1565 0.92821 0.91194
0.84043 1.0026 0.82809
0.73951 1.13 0.92786
1.0841 0.89709 1.2179
0.9422 0.75464 1.3973
0.90384 0.7952 0.67393
0.35528 1.128 1.2661
0.87515 0.59241 0.84559
0.52407 0.74367 1.0663
1.0581 0.92 0.68974
1.2135 0.84415 0.81032
1.2484 0.97448 1.2408
1.0767 0.93836 1.0749
1.4863 1.0852 0.86608
0.78978 0.95624 0.89042
0.54927 0.79918 1.1309
1.3348 1.1882 0.96997
0.95717 0.8871 1.0894
1.0198 0.76678 0.93334
0.96407 0.91962 1.0559
1.0051 0.94668 1.1592
0.94153 0.92973 1.2844
0.8425 0.97461 0.98011
1.4604 1.2708 1.2218
1.1683 0.99987 0.7009
1.2094 0.96222 0.95378
0.94385 1.348 1.2032
1.2392 0.94361 1.0343
1.3432 0.89583 1.2673
1.0628 0.99704 1.332
0.75864 0.92421 0.99882
1.085 0.52945 0.71668
0.98732 1.0202 1.1118
0.98404 1.0543 1.1436
1.0144 0.99576 0.85178
1.2043 1.0975 0.75308
0.97344 0.82706 0.86946
1.4065 1.0561 1.0658
1.0056 1.1339 1.3244
0.56258 1.1129 0.92717
1.2377 0.85836 1.1269
1.1638 0.77748 1.0613
1.2444 0.70165 0.96439
0.84916 0.50344 1.2149
0.85613 0.83571 0.64307
0.71075 1.2329 1.0017
1.5598 1.1309 0.68996
0.88192 0.7061 0.73552
0.84738 0.83473 1.1945
0.87371 0.93132 0.58213
2.9207 1.442 0.20406
3.0306 1.1089 0.20506
2.764 0.881 0.16947
2.6791 0.92936 0.18446
3.0337 1.2322 -0.019154
2.8966 0.92741 -0.17083
2.7477 1.136 -0.34624
2.575 1.0222 0.32072
3.0013 1.2367 0.29663
2.6054 0.89809 -0.14557
3.1212 1.0925 0.33962
2.9939 0.96364 0.02035
3.3521 0.87532 0.11057
3.1537 1.1372 -0.48979
2.3638 1.0913 0.13494
2.6528 0.9941 0.12281
2.9913 1.2695 0.21973
3.1133 1.0928 -0.13923
2.925 1.0942 0.26397
3.2869 0.58117 0.092889
2.9357 0.90318 0.076555
2.9559 0.71585 0.041789
3.1359 1.1969 0.16815
2.8912 1.163 0.021445
3.3466 0.79782 0.12979
3.0147 0.77331 0.29352
2.9556 1.054 -0.19289
2.7756 1.0058 -0.13367
3.0609 1.2136 0.062189
3.0489 0.7064 0.28653
2.7545 1.0152 -0.081284
3.1205 0.89141 0.093074
2.8206 0.96942 0.16628
2.8447 0.98107 0.3137
2.9865 0.9872 -0.49005
3.4531 0.69683 0.0035035
2.8875 1.3505 -0.3828
2.8632 0.97244 0.098614
2.8003 1.2894 0.19021
2.9785 0.91561 -0.21196
3.1403 0.57554 -0.070412
2.6008 1.142 -0.058933
2.9189 0.85598 0.33696
2.8885 1.5124 0.12461
2.9564 0.93143 -0.059719
3.2583 1.0894 0.087601
3.1178 0.92911 0.12076
3.1743 1.1137 0.45815
2.6439 0.99506 -0.083886
2.8997 0.57072 -0.39098
2.7156 0.82357 -0.15569
2.8472 1.3455 0.15263
3.0337 0.8613 0.30434
3.0438 0.90144 -0.15982
3.3714 0.881 0.27668
3.0375 0.65555 -0.23632
2.7739 1.211 0.12916
2.9833 0.94735 -0.040018
3.0109 0.68232 -0.2708
2.9695 1.5413 -0.032635
2.982 0.76805 -0.084705
3.0393 1.0112 0.011721
2.9536 1.1552 -0.0109
3.0822 1.0281 0.083513
2.5471 1.0104 0.14749
3.0006 0.87244 -0.019459
3.1562 1.0642 0.29915
2.888 1.1115 0.15181
2.9429 1.0897 0.11429
2.9512 1.3072 -0.20948
2.8134 1.2537 0.2428
3.0515 1.1461 -0.041864
3.1928 1.0205 -0.19085
2.9541 1.0351 0.026647
3.3291 0.92756 0.2453
3.1088 0.92688 0.089741
3.2928 0.80186 -0.051499
3.0301 0.9834 0.024983
2.9648 1.0128 0.16889
3.113 0.70237 0.035598
3.0131 1.272 0.0035921
3.1499 1.0052 0.023833
2.9599 0.8222 0.32453
3.2101 0.63231 -0.018412
2.99 0.77308 0.083392
3.0295 0.87769 -0.44992
3.1856 0.85139 0.044304
3.25 0.94504 -0.046543
2.8498 1.0622 0.24474
3.0019 1.0598 -0.10685
3.2357 0.94742 -0.16972
2.7885 0.76122 0.025979
2.7484 1.2636 0.19562
2.8814 1.0394 -0.33123
2.8771 1.122 -0.017183
3.0358 0.80004 0.013681
3.256 0.73734 -0.34172
3.08 1.0517 -0.0083321
3.3147 0.81334 0.0060415
2.7366 1.3378 -0.0073199
3.0777 1.2693 -0.050146
2.9632 0.66433 0.031241
2.8827 0.8507 -0.21417
3.2706 1.0687 -0.1172
2.8172 1.0378 -0.10045
2.9098 0.6234 -0.040802
3.2037 0.84217 0.47539
2.924 0.67438 0.33267
2.9148 1.0896 -0.33924
3.1762 0.75493 0.19747
3.3639 0.97269 -0.1753
3.0548 0.89894 -0.11592
3.1185 1.1314 0.21906
2.8891 1.1208 0.026392
3.3396 0.92592 0.41468
3.1215 0.80153 0.090529
3.0733 0.90424 0.49733
3.0171 0.7274 -0.11738
3.0485 0.91874 0.15914
2.8504 1.0723 -0.038277
2.5757 0.98288 -0.19436
2.8297 1.3349 0.052103
3.1597 0.84253 0.1129
3.3232 0.81521 0.084103
3.1455 0.94078 -0.12984
3.1906 1.1232 0.21206
2.893 0.79657 -0.010201
2.9708 0.85339 -0.16414
2.9955 1.3036 -0.21483
2.957 0.97302 -0.25109
2.7936 0.94668 0.21804
3.1958 0.99125 0.14655
3.1461 0.68908 -0.17441
3.091 1.2935 0.21119
3.4125 0.69576 0.073877
2.8219 0.91436 0.40628
2.9941 0.85126 0.025035
2.8806 0.91357 0.053171
3.0209 0.74524 0.40222
3.3489 0.99346 0.014543
2.7404 0.84685 -0.031732
3.1396 1.1626 -0.27189
2.621 1.1116 0.23891
2.867 1.0874 0.2971
2.8361 1.1584 0.050788
2.8314 1.073 0.11482
2.8807 1.2206 -0.0076711
2.8389 0.89129 0.33161
3.1089 0.9734 0.35771
2.8636 0.96695 -0.26911
2.8309 0.85488 -0.43895
3.0849 0.9616 0.0958
2.766 0.61665 -0.10362
3.2396 0.92436 0.23582
3.3718 1.0463 0.2794
3.0579 1.0122 0.25328
3.0565 0.91532 -0.19136
3.379 1.3225 -0.21579
2.9957 1.0739 -0.031442
2.527 0.91656 -0.19757
3.2668 1.1604 -0.31812
3.2204 0.95808 0.36462
2.6402 1.2182 0.10506
2.7721 1.3157 0.011406
2.9773 1.181 0.0054423
3.181 0.79212 -0.083768
3.371 0.82452 -0.038263
2.8479 0.90837 -0.083507
2.8121 0.65784 -0.15097
3.2931 1.2247 0.10572
3.4425 1.066 0.021067
3.1966 1.0687 0.36913
3.1542 1.0184 -0.14679
3.1584 1.2283 0.021142
2.9309 1.2411 -0.0069265
2.9956 1.2258 0.096234
3.1673 1.0488 0.054272
2.6637 0.79655 0.3277
3.1821 1.1532 0.30933
3.0038 1.1418 0.028319
2.8289 0.50892 0.094083
3.0413 1.1416 -0.35212
2.6613 0.94065 -0.0026211
2.8944 0.86433 -0.0017755
3.0964 1.0032 -0.029076
3.0666 1.302 -0.03575
3.0645 1.2872 -0.091344
3.3084 0.92892 -0.078994
2.8493 1.0894 0.10772
3.1741 0.76522 -0.085408
3.2886 0.77606 -0.19882
3.088 0.73096 0.094777
3.3625 1.103 -0.20425
2.7946 1.3972 0.074675
2.9711 0.82427 0.02113
3.0488 1.11 -0.042413
2.9302 1.2962 -0.25475
3.2131 0.70756 0.38573
3.2148 0.89361 0.14053
3.0289 1.2463 -0.0078469
3.0947 0.78358 0.23435
3.0633 1.0494 -0.10963
2.8961 1.0059 0.24911
2.5764 1.3237 0.40785
2.8932 0.87363 0.05403
2.7557 1.2399 -0.10587
2.85 1.1915 -0.090431
2.8132 1.0748 -0.13473
3.157 1.1443 -0.41129
2.9951 0.87448 0.16954
2.8486 1.0767 0.055888
3.0908 0.93815 0.0080914
3.0489 1.0278 -0.16118
2.8102 0.51561 -0.12163
3.2279 0.92324 0.11395
3.1798 1.2315 -0.060493
2.9956 0.83786 0.12963
3.0055 1.1163 -0.16044
3.5145 0.97435 -0.12932
2.9492 1.2215 -0.15893
3.1114 0.77167 -0.036079
2.465 0.62594 -0.15484
2.7379 1.2886 -0.17832
2.9237 0.82606 -0.17059
2.9909 1.0322 -0.0043446
2.9989 1.0264 -0.19959
2.708 1.2897 -0.13063
3.1486 0.83837 -0.05182
2.6819 1.3348 -0.12234
2.8778 1.0566 0.0021716
3.1032 1.0097 0.34595
3.1653 0.68126 0.13817
2.9641 0.91856 -0.2235
3.152 0.83141 -0.07832
2.9961 0.90351 0.18733
3.0157 1.1742 -0.052351
2.9388 0.87654 0.10113
3.2801 1.2378 0.00035095
2.9335 1.3159 -0.18936
2.8816 1.2972 -0.28287
2.9577 1.1252 0.46631
2.9655 0.90575 -0.092574
3.1986 0.86906 0.38452
2.7913 1.1602 0.022482
2.8064 1.0894 -0.13102
2.6029 0.8208 0.082234
2.7213 0.98538 0.054113
2.9489 0.69659 0.15291
3.273 1.3709 0.32996
3.021 0.90505 0.2925
3.0616 0.77633 0.10412
2.9486 0.86686 0.35012
2.8692 1.1354 0.22224
3.4106 1.1743 -0.014611
3.1454 0.85675 0.38266
2.7331 0.90486 0.13058
3.1888 0.93654 0.015312
2.5306 0.97031 0.051998
2.8119 1.2018 -0.11142
3.1217 0.81908 0.08103
3.047 0.86205 0.27144
2.7246 1.0429 0.14633
2.8261 1.1041 0.20221
2.827 0.73623 -0.036452
2.804 0.825 -0.11575
2.9262 0.82821 0.032606
3.2173 1.0944 -0.19905
3.0748 0.8948 -0.095829
2.9829 1.2165 -0.29961
2.9441 1.0774 -0.27561
3.2477 1.3665 0.33077
3.015 1.1464 -0.11836
3.0284 1.1154 -0.47068
2.9268 1.0824 -0.23121
2.9405 1.1348 -0.047275
3.029 1.0741 -0.1573
3.0878 1.0674 -0.3894
3.2121 0.74136 -0.22335
3.0753 1.0855 -0.34557
2.5613 1.0502 -0.023421
3.0564 0.896 0.2178
3.0178 0.80409 -0.26576
2.8428 1.2103 -0.17041
3.2899 0.85545 -0.049107
3.2571 1.4664 -0.25941
3.2294 0.92848 0.070506
2.7795 0.65776 -0.28488
3.2686 1.0242 0.34058
3.0124 1.0193 -0.3194
2.9321 1.2531 0.053867
3.1218 0.75125 0.018816
3.1874 1.0671 -0.2151
3.0564 0.99858 -0.16809
2.9011 1.0485 0.30192
3.0134 0.86004 -0.32715
2.6708 1.2986 0.29846
3.1215 0.83907 0.033111
3.3021 1.0004 -0.25266
3.0575 0.96432 0.24399
2.9445 0.89085 -0.11295
2.9748 0.8188 0.15792
3.1689 0.95573 0.22792
3.1476 0.98446 -0.25768
3.251 0.92803 -0.29535
3.1078 1.322 -0.0068454
2.8393 1.0758 -0.074484
3.2921 0.70832 -0.15249
2.9635 0.99977 -0.085
2.8145 0.87614 0.21599
3.0557 1.1094 0.021173
3.2366 1.077 0.078793
3.0582 1.304 -0.18556
3.1095 1.062 -0.30862
2.8523 1.0285 -0.017491
3.3135 1.1206 0.27115
3.1198 1.2042 0.17537
2.9951 0.9023 0.24129
3.155 0.88049 -0.066818
3.1905 1.1522 -0.050624
2.9009 1.2086 0.042597
3.2823 1.1667 -0.24257
2.9696 0.84327 0.29599
3.1682 0.90277 0.46233
2.8376 0.96196 -0.031242
2.9635 1.3289 -0.071037
3.0036 0.89698 0.49499
3.2188 1.1168 -0.044764
2.98 0.78122 0.044558
3.0274 0.73347 -0.24727
3.2647 1.1102 -0.39567
2.8174 1.0792 0.073222
2.961 0.84131 0.058189
3.1905 0.7438 0.082933
2.3731 1.142 -0.027056
2.7743 1.0291 -0.15968
3.0229 0.89343 0.16009
2.8674 1.1713 0.19041
3.0349 0.80823 -0.081877
3.1305 1.1707 -0.15143
3.0712 0.75935 0.12303
3.0051 1.2142 -0.15997
2.9029 1.0749 -0.27174
2.8187 1.2161 0.3008
3.1946 1.1163 0.090953
3.2501 1.0149 0.27555
2.8131 0.74423 0.069275
2.6484 0.84431 -0.047304
3.1037 0.94273 0.003998
3.2741 1.0271 -0.19243
3.2564 1.0665 0.11035
2.9442 0.8963 -0.15086
2.8812 1.3121 -0.10666
2.5144 0.93775 0.38896
2.8027 0.94133 0.0042233
3.1032 0.92927 -0.17179
3.4311 0.81784 0.066765
3.1231 1.3085 -0.047712
3.4499 0.89673 0.088482
3.2712 1.1357 0.064493
2.9387 1.0672 0.13748
2.7857 1.0115 0.11849
2.8138 1.1848 -0.29729
2.7245 1.0762 -0.12175
2.8511 0.77472 -0.2565
3.1898 0.71871 -0.23423
3.1667 1.2313 0.27721
3.0183 0.72488 0.013844
2.8336 0.82658 -0.26099
2.8114 1.1743 0.045851
3.197 1.2366 0.037358
2.9714 0.93569 0.2289
2.9684 1.0939 -0.1
3.286 1.1927 -0.049781
2.8491 0.81126 -0.29606
2.7328 0.84572 0.092552
3.0607 1.077 -0.17636
3.008 1.0001 0.16968
3.1575 1.2401 0.08804
3.2359 0.79014 -0.17617
3.1692 0.55379 0.11335
3.093 1.1214 0.21697
2.951 1.2654 0.14622
2.8623 1.0277 -0.017109
3.0842 0.85916 -0.55334
2.9075 0.69104 -0.23561
3.1965 1.0016 0.037228
2.9717 1.001 -0.13225
2.8001 0.69397 0.049255
2.7576 1.2339 -0.029165
2.9118 0.87491 0.17059
3.0286 0.71858 -0.20769
3.1332 1.1138 0.15139
3.0208 0.91582 0.044079
2.5825 0.66814 -0.14752
2.7576 1.3495 0.015065
3.0878 1.0968 0.067417
2.9342 0.65424 -0.16996
2.8319 1.3306 0.16381
3.0861 0.94286 0.30806
3.0143 1.2131 -0.40743
3.1054 0.94574 0.20704
3.2687 0.93443 0.13755
2.9169 1.1792 0.1575
2.8523 1.0891 0.082676
2.8728 0.92136 0.067348
3.0815 1.252 -0.057718
3.2897 1.0475 -0.083957
3.0093 1.176 0.15567
2.7133 1.0659 0.44884
2.7357 1.0682 -0.015212
2.8822 0.82158 -0.069996
3.2008 1.1394 0.27622
2.9496 1.3297 0.17785
3.264 1.2814 -0.22858
2.8793 1.2014 0.2579
2.9352 1.0326 0.11246
2.9453 0.63065 -0.019075
3.0493 1.0598 -0.036572
2.9238 0.9206 0.0079102
3.1649 0.81948 0.12986
3.3194 0.99199 0.22463
2.9757 1.0422 0.042898
3.1432 1.0789 0.13176
2.8131 0.70451 -0.084872
3.034 1.0878 0.13806
3.6089 0.79295 0.056784
2.9866 0.71363 -0.083758
2.7815 0.86509 0.081274
2.93 0.61416 -0.013351
2.678 0.72324 -0.05709
2.9271 1.0392 0.016145
2.9572 0.82283 -0.075487
2.7465 1.008 0.079811
3.2053 1.2042 -0.12711
2.855 0.6818 -0.091417
3.2489 0.82514 0.1569
3.2642 1.0955 -0.080278
3.0181 1.1057 0.20984
3.0965 0.77919 0.16479
2.6823 1.0237 0.2201
2.8242 1.2231 0.22367
3.1526 0.82383 -0.16914
3.1634 1.3588 0.23876
3.1585 1.0194 -0.20775
3.0481 1.2468 -0.10056
3.0639 0.97843 -0.025731
3.0786 0.71454 -0.23538
3.2887 0.97874 -0.27949
2.8283 1.1313 -0.13965
3.4009 0.72617 0.032909
2.8688 1.1787 0.055055
2.8626 0.80018 -0.055877
3.0336 0.93853 0.041487
2.966 1.1811 0.053793
3.0096 1.2186 -0.014252
2.7479 0.87883 -0.092133
2.9188 0.92174 -0.014222
3.0659 1.0608 -0.18882
3.1061 0.99426 -0.09077
3.1778 0.88026 0.093307
2.6342 1.1766 0.15177
3.0055 1.3149 -0.20448
2.7734 0.80959 -0.4085
3.3122 0.79324 -0.019787
2.7201 0.91431 -0.25644
3.4828 1.3772 0.25427
3.0232 1.069 -0.26191
2.9487 1.0834 -0.051319
3.0393 0.79663 -0.53263
3.2919 1.0641 0.12065
3.0466 1.5083 0.026194
3.3968 1.0054 -0.042139
3.0917 1.5186 0.13269
2.7349 0.95517 0.40471
2.997 1.0794 0.29196
3.054 1.1136 0.1074
3.1559 0.89833 0.28686
3.1139 1.6139 -0.044268
3.1279 0.82825 0.19985
2.4804 1.2661 0.14092
3.0132 1.0283 -0.24241
2.8335 0.69982 -0.28553
3.2249 0.95615 0.233
3.189 0.53458 -0.10877
3.4129 0.97253 0.041741
3.0617 1.0231 0.028167
2.8902 0.92989 0.10507
2.7948 1.1022 -0.092727
2.9679 1.0592 0.21425
3.3196 0.8221 -0.31454
3.1842 1.0228 0.076797
3.2964 0.83208 -0.10041
3.1277 0.66521 -0.25901
3.0077 0.84237 0.085194
2.9589 0.93756 -0.23069
2.4627 1.3707 0.26933
2.9517 1.2856 0.098451
2.5732 1.1734 0.14586
3.1019 1.0094 -0.049681
2.5943 1.2626 -0.018304
1.6557 3.0353 3.9286
2.0208 3.0662 3.9905
1.9165 2.8057 3.9962
1.9157 3.0058 4.2752
2.1575 3.2683 4.1323
1.9934 3.2333 4.2302
1.6621 3.135 3.6877
2.1176 3.2815 3.9601
2.1543 3.3318 4.1615
1.9214 3.0479 3.7915
2.255 2.8236 3.9212
2.3089 3.3106 3.7323
2.0154 3.2017 4.16
1.6813 2.7062 4.0745
2.0175 2.8741 4.0481
1.8564 3.0968 3.9388
1.758 3.0683 4.1753
2.3093 2.9847 3.9205
1.9212 2.6437 3.9944
1.8327 3.072 3.3431
1.7952 2.9841 3.8295
1.7467 3.3328 3.7177
1.9288 2.6867 4.0177
1.9711 2.9574 4.1297
1.9559 3.4304 3.6877
2.0532 2.6931 4.042
1.9264 2.7058 4.3553
1.7399 3.0608 3.976
1.6335 3.085 4.3056
2.2066 2.5841 3.7881
1.9224 2.9861 3.9954
1.9506 3.1346 4.0691
2.5393 3.4146 4.1992
1.9497 3.0324 3.9348
2.0825 3.1031 3.587
1.8879 3.0936 4.2549
2.0077 2.8678 3.6975
1.8464 2.8378 4.2128
1.6525 3.0014 3.8523
1.8467 3.3034 4.1617
1.9624 2.9937 3.9591
2.3415 2.6281 3.8636
2.0273 3.0808 4.0317
1.5679 2.9304 4.0796
2.1715 3.0783 4.0987
2.0607 2.7822 3.9751
2.052 3.2261 3.9869
1.6636 2.9626 3.9994
1.7136 2.8954 4.0263
1.8622 3.2981 4.183
2.1653 3.0483 4.1347
1.739 2.8312 3.7624
1.9151 3.1627 3.7123
1.859 3.0309 4.1313
1.7155 3.277 4.0505
2.1581 3.1439 3.6503
1.9741 2.8124 4.3392
2.0124 2.9275 3.8009
1.9244 2.7722 3.9354
2.0677 3.1506 3.8492
1.9064 3.2827 4.2311
1.8388 2.7221 4.2126
2.1026 2.8715 4.1523
1.8408 3.3796 3.9241
1.8098 2.899 3.935
2.0694 2.945 3.8706
1.7791 3.2576 3.4561
2.3402 2.8459 4.1152
1.7526 2.7482 4.0439
2.0731 2.7898 4.0365
2.0211 3.0919 4.4497
1.7927 2.9388 4.4475
2.0242 3.1494 4.1304
2.2866 3.1696 3.4829
2.2171 3.0469 4.1531
2.2125 2.883 4.3804
2.0983 2.8626 4.0794
1.7032 2.5255 4.1092
1.9415 2.9735 3.8001
1.9983 2.8862 3.938
1.9444 3.017 3.7388
1.8939 3.162 4.2497
1.9073 3.0612 3.9014
2.0541 2.8964 3.9702
2.1599 3.1473 3.9992
1.6497 3.3202 3.9337
1.9726 3.2156 3.717
1.9634 3.373 3.7149
2.5704 3.2868 4.5519
1.9073 3.2518 4.3004
2.1608 3.0527 3.7074
2.2138 2.6995 3.9041
1.9677 3.2136 3.9864
1.7336 2.9815 3.977
2.1625 2.7931 3.566
2.0163 2.8983 3.7819
2.4641 2.9869 4.1126
1.8583 2.9939 4.0849
2.0437 2.9656 3.7125
1.9373 3.1504 4.1472
2.2529 2.9668 4.2819
1.9297 2.6354 3.9651
2.2129 2.7088 3.5257
1.5361 2.7295 4.1379
2.03 3.4059 4.1633
1.8063 2.7595 3.7616
2.0825 3.038 4.0754
2.02 2.7794 4.0217
2.0529 3.0891 3.8521
2.116 2.8894 3.7284
2.2315 3.1502 4.1553
2.3458 2.6036 4.0418
1.6929 2.8579 3.7259
2.3312 2.9225 4.1294
1.9527 3.1137 4.4891
1.9246 3.5673 3.8572
1.984 2.9122 4.0133
2.2527 3.3007 4.2546
1.7184 3.1078 3.7076
1.9235 3.0659 3.8906
1.6317 2.8863 3.7917
2.0522 3.0549 3.7193
2.2409 3.0276 4.0821
2.2833 2.8952 3.3865
2.0488 2.9445 4.1216
2.0853 2.9166 3.9079
1.8129 3.3006 3.7464
1.817 2.8186 3.6717
2.0812 2.918 3.9654
1.713 3.0242 3.7615
1.7748 3.1387 4.27
2.1886 2.9213 3.754
1.8515 3.2268 3.9175
2.1261 3.0056 4.2223
1.7812 3.1584 3.9705
2.2029 2.491 4.4064
2.0193 2.9863 4.1336
2.1615 3.0956 4.0466
1.8629 2.8829 3.7055
1.8856 3.531 3.5546
2.1812 3.0401 3.8448
1.7526 2.8967 4.1582
1.9504 3.151 3.9895
1.8118 3.0732 3.7615
2.1719 2.811 4.4006
1.6733 2.9769 3.9415
1.7748 3.0054 3.9268
2.2778 2.7859 4.0481
1.7556 2.8917 4.1216
2.146 2.8141 4.1751
2.0132 2.9636 3.8356
1.8687 3.3213 4.0606
2.3091 3.1222 4.051
1.9244 3.097 3.5617
2.1417 3.2603 4.0625
1.9567 2.8386 3.9746
1.848 2.7921 4.1574
2.1781 3.2427 4.0612
1.9444 2.8921 4.2067
2.4298 3.1459 3.8757
1.8597 2.8634 4.0755
2.2457 3.0249 3.9449
1.7902 2.8185 3.78
1.8734 3.2041 3.9262
2.2035 3.0349 4.0282
1.9045 2.9723 4.1664
2.2684 2.9483 3.869
2.3121 3.1589 4.4674
2.22 2.8428 3.8209
2.2236 3.3486 3.6002
1.9696 3.0579 4.0755
2.2763 2.9999 4.1064
2.0392 2.8093 3.6941
2.0874 2.9552 3.9412
2.2964 3.0605 3.8826
1.7368 2.9333 3.9377
1.8887 2.6912 3.289
2.2967 2.7606 4.1909
1.9126 2.8616 4.5575
1.8644 3.3237 4.1531
2.2304 2.7431 4.1977
1.9645 2.9928 4.0201
1.7537 2.7118 4.0422
1.9652 2.7027 4.0418
2.2043 2.7325 4.0089
1.9683 3.1359 4.2929
2.0522 2.9171 3.7307
1.7807 2.9164 4.0838
1.7562 3.0661 3.7089
1.9013 3.0561 4.0304
2.042 3.1265 3.8263
2.0412 3.1953 4.5328
1.7065 3.0581 4.0387
2.2059 3.0609 4.315
2.0153 2.9403 3.9162
1.5554 3.1632 4.028
2.2876 3.4237 4.19
1.6015 2.9298 3.8846
2.2998 3.2532 4.1066
1.7975 3.1024 4.0074
2.1114 3.0761 4.1082
2.0174 2.8903 4.1518
1.6582 2.967 4.2491
2.0237 2.8487 3.5983
2.153 3.3689 3.7554
2.3975 2.7464 4.0146
2.0637 2.9922 3.8574
2.2285 2.9547 3.8433
1.9179 2.7373 3.8642
2.0502 3.2602 4.4451
1.9557 2.6442 3.8808
2.0649 3.1417 4.1588
1.9921 3.1399 3.9279
1.8883 3.0782 3.9841
2.0113 3.0144 3.8039
1.7075 2.8545 4.1018
2.0319 2.8046 4.3947
1.8969 3.0204 4.0933
2.3233 2.5018 4.252
2.1905 2.9823 4.1217
2.0501 2.867 4.5022
2.2131 3.0767 4.1
1.85 2.7951 3.9049
2.1158 3.141 3.8261
1.8515 2.9459 4.166
1.8592 2.6229 4.0453
2.3417 2.6227 4.3352
1.8556 2.9777 3.9112
2.092 3.1124 4.0046
2.118 2.6899 4.1427
1.6898 3.0049 3.7331
1.749 3.1671 4.021
2.0329 2.8163 4.1898
2.1371 2.6952 4.3195
1.7916 3.2285 3.8413
2.2089 3.0356 4.0171
2.0138 3.3237 3.7895
1.9246 3.0483 4.0963
2.0512 2.8637 3.9369
2.3576 3.2254 3.8642
1.7416 2.7939 4.1914
2.2844 3.1658 3.7301
1.9554 2.8964 4.2487
1.7513 3.0968 4.0487
2.1307 3.0226 3.6928
2.0908 2.9923 4.0682
1.7985 3.0744 3.8579
1.9808 2.8887 4.0912
2.0367 2.8643 3.9651
1.8744 3.0583 4.2439
1.9885 2.9854 4.2293
1.8852 2.857 4.0046
2.0325 3.1114 3.7267
1.6454 3.0789 3.8145
1.8833 2.9374 4.2959
2.2387 2.821 3.8418
1.7279 2.9087 3.9125
1.7101 2.8188 4.0004
1.4147 2.8264 3.8043
2.0697 2.6671 3.8456
2.156 2.7617 4.2405
1.8329 3.0082 3.9094
1.8535 2.9057 3.8085
1.853 3.0219 4.1358
1.7603 2.9985 3.8788
2.208 2.8004 4.2334
1.8161 3.3584 4.1127
1.872 2.6453 3.8337
2.3627 3.2176 4.2454
2.1059 3.3886 4.108
2.2014 3.0167 3.8556
1.9303 3.0118 4.2117
1.8226 3.2803 3.8372
1.8972 3.0194 4.068
2.0005 3.4414 4.4374
2.128 3.2182 3.8446
2.1083 2.739 3.7097
1.9807 2.5788 3.8981
2.3202 3.0584 4.1397
2.145 3.0267 3.9612
1.9417 2.6967 4.1591
2.2662 3.1343 4.2262
2.211 3.2505 4.2985
1.9172 2.7441 4.0953
1.9544 2.9997 3.6713
1.5661 3.1183 4.1602
2.0856 2.9176 3.7368
2.408 3.0508 4.2537
1.6387 2.7978 3.7148
2.0412 3.0256 4.0352
1.9572 2.6843 4.1021
1.7688 3.5504 3.9439
2.1511 3.2175 3.8907
1.7964 3.3111 4.109
2.2597 2.9397 3.8682
1.948 2.7148 3.7887
1.9809 2.7591 3.8653
1.7685 3.164 3.4949
1.9109 3.0539 3.9189
1.9211 2.6565 4.0246
1.5685 2.8813 3.8205
1.8511 3.094 4.1358
2.0097 2.7535 4.0884
1.9295 3.139 3.9274
2.0365 3.4225 3.8422
1.8309 2.9127 3.6656
1.7681 2.7526 3.7447
2.251 3.2093 3.9963
2.0452 2.9611 3.8435
2.1003 2.5774 4.037
1.7068 2.7992 4.127
1.8786 3.3618 3.8079
2.1636 2.7575 3.7869
1.5108 2.8125 4.1094
1.9424 2.5995 4.059
1.8596 2.9661 3.5617
1.7116 2.9293 3.8297
1.9692 2.7082 3.9694
2.1327 2.7746 4.2228
1.859 3.2514 4.1153
2.3755 3.0061 3.9217
2.2682 2.5428 3.9336
1.8306 2.8933 4.0079
2.1476 3.2994 4.3488
1.9279 2.8596 3.9344
1.8171 3.0964 4.2752
1.9925 3.1087 3.7699
2.4195 3.0299 4.0982
2.1071 2.8168 3.9588
1.8342 2.8025 4.0555
1.9225 3.0788 3.6301
2.1728 2.5645 4.3767
1.9513 2.9649 4.4268
2.0523 2.8036 3.7728
2.1202 2.8633 4.0409
2.2103 2.8989 3.9861
2.1131 2.8601 4.3291
2.1344 2.9026 4.2791
1.7798 3.1404 3.8783
2.2037 2.8268 3.8592
1.9321 2.8027 4.1978
2.4009 3.1443 4.2806
1.8817 3.0275 4.0686
2.1342 2.9875 4.1753
1.6608 3.1256 3.8186
1.6655 3.136 3.9134
2.0404 2.9145 4.1482
1.8987 3.3549 4.1958
1.959 3.1406 3.9168
1.6645 2.9258 4.1994
1.9304 3.0556 3.7806
2.1808 2.9486 3.906
1.9255 2.9168 4.4187
1.9248 2.9757 3.8655
1.8206 2.8317 4.0844
2.0575 2.8455 3.7687
1.8349 3.0153 3.8276
1.9071 2.8788 4.0409
1.7415 3.2899 4.0139
2.1835 2.8841 4.1394
1.9566 3.2649 3.7333
2.2265 2.9207 3.8719
2.0185 2.8918 4.1563
2.1752 3.3255 3.8404
1.8948 3.0283 4.1001
2.1779 2.754 3.96
1.676 2.5996 3.9148
2.3127 2.9006 3.8402
2.312 2.9566 4.1145
2.4086 2.8047 3.9973
2.223 2.6858 3.9072
2.4344 3.073 4.1398
1.7564 2.8061 4.2891
2.1962 2.8133 4.1818
2.1041 3.0021 3.963
2.2311 2.5965 3.8271
2.5536 2.8522 3.8596
2.0479 3.1112 3.8746
2.0945 2.9199 3.872
1.6559 3.2252 4.0144
2.046 2.7903 4.3096
2.0152 2.775 4.3944
1.9618 3.2333 4.1037
2.0231 2.9601 4.7035
2.0289 3.352 4.2036
1.9459 3.025 4.0803
2.2699 2.6161 3.8371
2.0032 2.9901 3.9943
1.9076 2.8632 3.6547
2.1052 2.9181 3.8906
2.2146 3.0768 4.0304
2.4249 3.0015 4.1409
1.6149 2.9935 3.8384
2.2278 2.6207 4.2793
1.9272 3.0547 3.9848
1.6779 2.7676 3.8581
2.3591 3.1062 4.1416
2.0505 3.2714 4.0381
2.0856 2.7562 3.9605
2.0916 3.2452 3.8792
1.9248 2.9606 3.7186
2.2804 3.1653 4.0532
1.9942 3.0334 4.0502
1.9175 2.622 4.1532
2.1834 2.8374 4.2084
1.8544 3.0179 4.133
1.8545 2.9338 4.0691
1.8312 3.4625 3.9613
1.992 3.0924 4.2397
2.0532 3.4132 3.7561
1.6923 3.296 4.4881
2.0303 2.7471 3.9347
2.071 3.1484 3.6946
2.0908 3.0676 4.1438
2.0466 3.0095 4.1054
1.9749 3.2677 4.2161
1.8547 2.6109 4.1583
1.95 2.8804 3.986
1.9853 2.7818 3.9241
1.9055 2.5696 4.1591
1.814 2.8392 3.837
2.1736 3.0071 4.2189
2.0005 3.4191 3.5394
2.4317 3.0022 4.0922
2.0117 3.4385 3.765
1.7969 3.2222 3.9644
2.0839 3.1392 3.8337
2.1606 2.5645 3.9619
1.9231 2.9463 3.9298
1.8439 3.2076 3.9516
1.9928 3.0114 3.8279
1.7388 2.9039 4.2212
1.8372 3.2448 4.2621
2.2699 3.1718 4.1611
1.9388 3.3256 4.0845
2.1109 2.7135 3.8125
2.2508 2.9383 4.1082
1.9861 2.372 4.0452
1.5012 2.781 3.7745
2.1379 2.9799 4.1482
2.0734 2.9206 3.872
1.8129 3.0224 3.7648
2.0412 3.1119 4.0466
2.0213 2.9934 4.4195
1.4035 3.4621 4.2346
2.3469 2.9187 4.4869
2.2051 3.0196 3.8348
2.0474 3.0815 4.0732
2.1494 2.7455 3.8972
2.1189 3.0088 4.1937
1.8163 2.9764 3.8044
2.0916 2.9903 4.0237
2.2942 3.0271 4.1366
1.8545 3.1227 4.458
2.0486 3.0364 3.899
2.0113 2.9752 3.8257
2.3358 2.6334 4.2612
1.7981 2.8263 4.2763
1.9592 2.968 3.8987
1.987 3.0551 3.7869
2.0382 3.0676 3.8291
1.733 2.6831 4.4546
1.8589 3.2291 3.9808
1.8658 3.0536 4.0462
1.9366 3.371 4.038
1.6459 3.346 3.9414
2.1523 3.0512 3.7654
1.4824 3.2953 4.0471
1.8602 2.6658 4.219
1.9752 2.7532 4.049
2.0235 3.411 4.2658
1.8243 2.8859 3.7123
1.7654 3.013 4.0841
1.9357 3.1073 4.0018
1.8334 3.0686 3.8473
2.1035 2.7701 3.777
1.991 3.2694 4.0515
1.8991 3.0611 4.3508
2.1188 2.937 4.2229
1.7497 2.8603 3.9443
1.5304 3.3524 4.173
2.1557 2.7819 3.7928
1.7358 3.0383 4.3745
1.9578 3.0068 4.1617
2.0002 2.8631 4.0641
1.7439 3.0844 4.058
1.9395 2.9943 4.2766
2.4365 3.1949 4.2308
2.2939 3.0726 3.7901
2.0951 3.402 3.955
1.8551 3.1579 3.6315
1.8072 2.4197 4.187
1.8413 3.0735 4.1126
2.0007 2.9009 4.2159
2.2002 2.9223 3.8098
2.0448 2.9634 4.1354
1.5606 3.1784 3.9238
1.4094 3.0227 3.8783
2.0802 3.0949 3.3947
2.39 3.3527 3.869
2.2397 2.8396 4.2475
2.2816 2.7812 3.8109
2.0182 2.7439 4.2299
1.9883 2.7836 3.9347
2.3348 2.8278 3.5572
1.9568 3.2536 3.7836
1.8588 2.9914 4.5321
2.0388 3.0405 4.1576
2.4073 2.9557 3.8261
2.0437 2.9574 4.3236
2.1114 2.8007 4.0589
2.0993 3.2106 3.7416
1.7425 3.1794 4.3092
1.7753 2.7528 4.0212
1.7301 2.9584 3.8722
2.2169 3.055 4.1004
2.3013 2.8728 4.1369
1.8976 3.1992 3.7358
1.7687 3.0011 4.1171
1.9993 3.0037 3.5272
1.9831 3.1057 4.2715
1.6213 2.9837 4.0381
2.015 3.0544 4.1667
2.2227 3.2548 3.8638
2.3177 2.9383 3.9691
2.1629 3.2407 3.7018
1.7105 2.9262 4.0893
2.1701 2.8052 3.6864
1.7521 2.9737 4.1443
1.7719 2.851 3.8912
2.2282 3.1415 4.2142
2.0942 2.9073 4.1514
1.9027 3.3801 4.1681
2.2967 3.0303 4.1599
2.0699 2.6227 4.0952
1.9991 2.8702 4.111
1.5626 2.9605 4.0414
1.756 2.7215 4.0891
2.1653 2.9014 4.1349
2.0525 2.8295 4.0186
1.6533 3.0558 3.8609
1.7215 2.7735 4.0053
1.9714 3.1894 4.2931
2.5508 3.4041 3.6895
1.9943 3.3215 3.6027
2.156 2.9395 3.9447
2.2543 3.1557 4.3814
2.0204 3.1098 3.8704
2.3214 3.2451 4.1095
1.8195 2.8594 3.948
2.0279 3.2062 3.8725
1.8151 3.4776 4.0454
2.1063 3.2894 3.8484
2.0778 3.3671 4.0392
2.1075 3.2516 4.2138
2.1246 3.2591 4.1299
2.0969 3.5368 3.7461
1.8109 2.5775 4.0974
1.7061 2.9365 3.8316
1.8337 2.9274 4.0892
2.095 2.9726 4.007
2.2359 2.9036 4.0455
2.1482 3.1952 4.2475
1.9743 2.7449 4.1984
1.8365 2.8514 4.0154
1.8015 2.8083 3.9172
1.8431 2.9002 4.0969
2.2401 3.1744 3.7806
2.1374 2.8378 4.2353
1.9834 2.8084 4.2566
1.7153 2.5948 3.959
1.9838 2.6303 3.9661
1.9201 3.5345 3.6879
2.0502 2.8462 4.3743
2.4174 3.0524 3.984
1.9437 2.7071 4.1991
1.9163 2.9277 3.9327
1.9362 3.1232 4.2416
1.5849 3.1869 4.1805
2.1667 3.2136 4.5538
1.8885 3.0462 3.9386
1.8812 3.2199 4.0672
1.9868 2.9934 4.0098
2.207 3.0662 3.866
1.8283 2.8185 4.1165
1.9106 2.9759 3.5941
1.8989 3.148 3.9688
2.2797 3.1072 4.3999
2.208 2.6604 3.4555
1.8969 3.2641 4.4321
2.3392 2.9557 3.8501
2.1556 2.848 3.9777
1.7779 2.8791 3.5214
1.9835 3.0509 3.9826
2.1056 2.5996 4.0417
2.1524 2.9893 4.1241
2.2966 3.2282 3.7871
1.7895 2.8394 4.0365
2.026 3.101 3.7441
2.0775 2.8862 4.1375
2.3014 3.0441 3.9486
2.5123 2.9681 3.9733
2.2832 3.2404 3.8009
1.9237 3.4118 4.2163
1.8759 3.1551 3.7106
2.2258 3.0328 4.007
1.7449 2.934 3.8502
2.3015 3.1566 3.8622
2.1405 2.9771 4.0057
2.3168 2.9954 3.7324
1.874 3.1085 3.7259
2.0388 3.0954 3.8681
1.8908 2.9047 3.7599
1.9717 3.2717 4.0319
2.4331 2.6371 3.6398
2.0265 3.116 4.391
1.8101 2.889 4.1074
1.8405 2.9579 3.9991
1.9749 2.8519 4.2378
2.1053 2.9868 4.0263
2.0923 3.1852 3.8949
1.9558 3.0916 3.9944
2.0669 2.4355 3.9204
1.8268 3.4061 3.9669
1.7815 2.7885 3.7033
2.13 2.8326 3.9497
2.221 2.7873 3.9092
2.1365 3.016 4.0196
2.4489 3.211 3.6825
1.6901 3.1515 4.1793
2.1093 3.0626 3.9146
2.0111 3.3055 3.7871
2.1846 3.1373 3.7602
1.6664 3.0244 4.0247
1.9467 3.248 3.9754
2.0541 3.2148 4.2673
2.2624 2.8713 3.8128
2.4942 3.0964 4.019
1.8696 2.9705 3.9956
1.964 2.7896 4.0454
1.5951 2.8602 4.3498
1.9562 3.2428 4.2595
2.405 3.1056 3.9692
2.066 3.1214 3.7666
1.5979 2.8785 3.8647
1.7319 3.2319 3.7424
2.0408 2.7946 3.8635
2.0727 3.2375 3.8898
1.9683 2.8457 3.8793
2.0932 3.0756 3.8794
1.8644 3.0828 4.3085
2.0314 2.8717 3.8214
2.1189 3.098 3.9212
1.8575 3.4554 3.8011
2.1449 3.2691 3.7829
2.0903 2.7643 3.9158
2.2878 3.2687 3.9457
1.7812 2.9219 4.0967
2.1222 2.8317 4.2016
1.5598 3.0461 3.7548
1.9562 2.6788 3.7713
2.3076 3.1617 3.8685
2.0011 2.9391 4.0217
2.2742 3.1882 4.187
2.2341 2.3754 4.045
2.0409 3.0011 3.9155
2.2727 2.8677 4.0748
2.4991 2.8373 3.5901
2.3339 2.8935 3.6433
2.12 2.9033 3.7921
2.0527 2.8634 3.999
1.8968 2.7439 3.9935
2.0711 3.0969 3.9067
1.9693 3.0608 4.1025
2.0303 3.1813 3.551
2.1627 3.0748 4.2967
2.247 3.3255 3.8925
1.9305 2.9678 3.6293
1.983 3.272 3.7589
1.9083 2.9254 4.0463
1.7793 2.664 4.4349
2.1083 2.9913 3.9956
2.3993 3.2057 3.9558
1.8599 2.974 3.8903
1.8358 2.911 3.9084
2.1487 2.7898 4.0284
2.2233 3.0478 3.819
1.8841 3.3359 4.2135
2.1398 3.1657 4.1658
1.9112 3.1612 3.9663
2.0643 2.9799 3.8965
1.5958 3.0878 4.3689
1.9019 3.0272 3.8968
2.2369 3.0935 4.0231
1.7664 2.4844 3.9344
2.2097 3.0842 4.01
1.5673 3.3609 4.0827
2.4082 3.0686 3.8422
2.1759 2.6256 4.2496
2.1241 2.9706 4.2265
1.9452 3.0539 4.1133
2.0823 3.3182 4.3052
1.9504 2.9093 3.9365
1.9413 2.9955 4.0252
2.4365 2.8742 3.9401
2.149 2.8252 3.874
2.0582 2.8153 3.9716
1.6096 2.8218 4.0504
1.7445 2.9347 3.6728
2.135 2.9312 4.1403
2.2431 3.1219 3.7985
1.9866 2.9633 4.3396
1.9898 2.7429 4.2134
2.4904 2.857 3.8252
2.0379 3.1648 4.1329
2.2159 2.9692 3.989
1.6301 3.0853 3.9184
1.7923 3.2893 3.9278
2.2816 3.2476 4.2272
1.9822 3.0268 3.703
1.8602 2.9339 4.0306
2.0036 3.0385 4.1744
2.1504 2.8357 3.9564
1.9709 3.2453 3.7381
2.1865 2.9588 3.8101
2.2192 3.2722 3.7636
1.9686 2.9638 4.0765
2.1426 3.0882 4.0697
1.6201 3.1568 3.9136
1.9798 3.3213 3.7556
2.3826 2.9637 4.2679
1.9712 3.2708 4.6469
2.3777 2.6026 4.4012
2.2412 3.2222 4.2244
2.0223 3.0473 4.2971
1.9899 3.0484 3.7542
2.1818 2.7908 4.2629
1.8903 2.8255 4.0075
1.9897 2.7004 3.997
1.9976 2.9329 3.8352
2.4677 3.1412 3.8186
2.0342 2.9818 3.9666
2.2186 3.0991 4.133
2.011 3.3554 3.9554
2.3992 3.1591 4.0302
1.9079 3.1563 4.0328
1.83 3.1892 4.139
1.9831 2.811 4.1096
2.065 3.2468 4.0584
1.7829 2.9855 4.1297
2.3116 2.9782 3.9482
1.7678 3.1375 4.2189
1.8066 3.0498 3.9531
2.2391 2.6619 4.2348
1.8673 2.9929 3.8817
1.6457 2.9007 4.044
2.1942 2.9301 4.0307
2.306 3.179 4.1111
2.1032 3.0648 4.0953
2.2526 2.9285 4.0599
2.1758 2.8821 4.1152
1.9758 2.8317 4.0138
2.2346 2.7432 3.9741
1.9788 3.0394 4.1477
1.8775 3.0193 3.9496
2.2526 2.8857 4.0012
2.0771 2.7854 4.0441
2.1221 3.3503 3.8689
1.5805 3.0985 3.7625
2.0895 2.6107 3.9414
2.2239 2.9801 3.938
1.9639 3.0094 3.8485
2.2418 3.1856 4.1191
2.0242 2.8445 3.6631
2.0831 3.1118 3.9521
2.1585 3.0231 4.109
1.8614 3.0626 4.2222
2.1653 2.8122 4.0488
1.8598 3.0877 4.0425
1.864 2.9184 3.8261
2.1019 3.2593 3.9496
1.7999 3.0212 3.7627
2.5129 3 3.6999
2.0322 2.8397 3.9255
2.4696 2.8977 3.728
1.7682 2.8922 4.1312
1.9549 2.8691 3.9688
1.7911 3.1584 3.8461
1.8456 3.338 3.997
1.9715 3.2862 4.1151
2.0837 2.6403 4.0194
2.2259 3.0815 3.9147
2.0315 3.0329 3.6554
1.9409 2.8077 3.9095
2.4268 3.1324 3.6371
2.1582 2.7598 4.2184
1.9266 3.1162 3.9574
2.4238 3.1622 4.2264
1.739 3.129 4.0346
1.9602 3.267 3.9551
1.7804 2.8977 4.3035
1.8715 3.0119 4.024
1.9958 3.0495 3.9252
2.3702 3.1692 3.8115
2.3438 3.0147 3.991
1.8753 2.924 4.0946
2.354 3.2616 4.6824
1.7053 2.9352 4.23
1.3418 3.0472 4.0441
2.1398 2.8143 3.8061
1.8625 3.1994 4.3372
1.8575 3.0032 3.8279
1.9029 2.8436 3.7733
1.7326 2.9383 4.1339
2.0195 2.6858 3.9454
2.1886 2.9417 4.0067
2.3364 3.1662 3.6629
1.636 2.8883 3.9222
2.0535 3.1014 3.9898
1.9954 2.9618 3.5891
1.8114 3.0858 3.9633
2.0565 2.8795 3.9024
1.8838 2.8407 3.8745
1.8811 3.3749 3.9215
2.4529 2.9186 4.1601
2.545 3.5923 3.8362
1.6719 2.8623 4.1291
2.1406 2.8403 4.0618
2.1408 3.0561 3.6544
1.9597 3.2843 4.057
2.0928 2.806 4.0142
2.3056 3.254 3.8362
1.9604 2.9542 3.9988
1.7116 2.7581 4.0673
1.9069 2.6947 4.0818
1.8442 2.8602 3.7852
2.3188 2.8983 4.2089
2.1628 2.9511 3.9194
1.9388 3.0374 4.179
2.0127 2.9429 4.0409
2.0015 3.2409 4.0617
2.6695 3.561 4.1553
2.116 2.84 3.8573
1.9574 3.015 3.9232
2.0962 2.7966 4.1834
1.9539 3.0671 4.0751
1.947 3.2565 3.8539
2.0381 3.2533 3.9708
2.1822 2.8342 4.2879
1.6234 2.988 3.9146
2.1906 2.829 3.9496
2.1024 3.3249 4.1122
2.3642 2.9516 3.6037
2.2317 2.9357 3.9234
2.1037 2.9929 3.7431
1.9633 2.7989 3.7271
1.6915 3.1399 4.2807
1.5072 2.9056 3.716
1.751 3.1458 3.6484
1.9222 3.2677 3.8003
1.9266 2.9907 4.2087
1.941 3.1881 3.9323
2.0492 3.1095 3.9936
1.4897 3.2222 4.0063
1.8889 3.1446 3.628
2.0393 2.69 4.1176
2.2068 2.8563 4.0513
1.9248 3.1797 3.5625
2.2655 2.8097 3.6671
2.0179 2.7925 4.1304
2.0106 3.0693 4.1105
1.9858 2.5899 3.964
2.2016 2.9319 3.758
1.7162 2.9607 4.2637
2.0349 3.1862 4.1069
2.091 2.706 4.0095
1.9578 3.225 4.1525
1.8668 2.7308 3.9945
2.0849 3.2073 3.9021
1.6356 3.312 4.2003
2.0688 2.7733 3.9169
2.0145 2.8559 4.1192
1.9849 2.9535 3.7246
2.4291 2.7228 4.0884
1.9464 2.8908 4.0714
2.3109 2.9329 3.9021
1.8296 2.961 3.9196
1.7057 3.1131 3.7807
1.9897 3.4486 4.1895
2.0403 3.0644 3.622
1.9718 3.0302 4.1285
1.6413 3.3229 4.0421
1.875 3.1691 4.0976
2.0351 2.9478 4.106
1.8857 2.6317 4.1242
1.8491 3.053 3.8587
1.9299 2.4844 3.8143
2.0985 2.9777 3.7333
1.7258 3.3026 4.1607
2.2005 3.089 3.683
1.8114 3.3273 3.8622
2.0052 3.0977 4.0681
2.3371 2.9203 4.0164
1.8871 3.084 4.2462
2.1892 3.1777 4.2616
2.1425 2.895 3.8026
2.0483 3.2977 3.7204
1.9211 2.9977 3.8578
1.8194 2.8946 3.6743
1.3678 2.7571 4.2018
2.0935 3.3499 4.4457
2.205 2.825 3.8411
1.8189 3.1371 3.8583
2.2522 3.3735 4.2144
2.1014 3.1531 3.9824
2.0385 2.9151 3.6642
2.6335 3.3354 3.925
2.2687 2.7731 4.0005
1.5901 2.8858 3.795
2.0458 3.4578 4.0998
2.4856 2.8267 3.6548
1.9448 3.1626 4.0696
2.0366 3.0813 4.35
1.7198 3.0453 3.9732
1.968 2.7044 4.1113
2.2071 3.0028 3.8348
2.4013 3.1017 4.0727
1.7537 2.8937 3.793
2.3969 3.2372 3.9778
2.0085 3.1624 4.0543
2.204 3.1116 3.5636
2.3223 2.923 4.1202
2.0801 3.0313 3.619
1.9096 2.9525 4.0338
1.6691 2.6985 4.3742
1.7987 3.2078 3.801
2.3047 2.921 3.6356
2.248 2.9691 3.6684
2.1644 3.1319 3.8283
1.8679 3.0017 4.1367
1.8703 2.9507 3.8405
2.03 2.8365 3.6737
1.7072 2.7558 4.4346
2.2034 2.9877 4.1461
1.6434 2.9107 4.2892
1.9734 2.6231 3.997
2.0558 3.0873 3.964
1.8581 3.0471 4.1327
1.8977 2.9816 3.8367
1.9143 2.9066 4.0533
2.161 3.1432 4.1154
1.7839 2.7866 3.9765
2.0028 2.8941 3.75
1.9645 3.3292 3.8407
1.7125 3.0669 3.5243
2.3953 3.0674 3.9964
1.9007 3.3376 4.0469
1.6128 2.6831 3.5289
1.9622 2.8608 3.907
1.7765 2.9373 4.479
1.8801 3.2357 4.2004
2.1016 2.9138 3.901
1.8454 2.7361 3.6376
2.2451 2.8899 4.0061
2.0861 3.3061 3.8789
1.9811 2.9049 4.008
2.164 3.5056 3.8416
1.9382 3.1826 3.8663
2.1222 3.1124 3.9095
1.5788 2.8245 3.8549
1.9989 2.7539 4.3692
1.9256 2.6916 4.2014
2.2075 2.8192 3.6094
1.974 2.9368 4.3343
2.2093 2.9767 4.0463
1.6538 2.7687 4.2994
1.7617 3.2219 4.2254
2.1381 2.9422 3.9616
2.4209 2.8671 4.0011
2.074 3.381 3.7834
2.1996 3.1502 3.776
2.104 3.2374 3.6946
1.9767 3.2828 4.4953
2.1469 2.956 3.8729
1.9808 2.6905 4.2963
2.1144 2.7257 4.0619
2.3991 2.6242 4.258
1.9964 3.2107 3.8232
2.1472 2.5486 3.8359
1.7563 2.8837 4.106
1.9271 2.7377 4.0798
2.2623 2.7325 4.1646
1.9464 2.8706 3.9718
2.2929 3.011 4.1008
2.036 2.9631 3.8575
1.9386 3.3228 3.6594
1.9556 2.8775 3.9284
1.9251 2.7865 3.7031
1.8221 2.9456 4.5939
1.6353 2.7877 4.025
2.0682 2.8886 4.3114
2.1458 2.9853 4.0446
2.0426 2.8389 4.139
2.3228 3.16 4.0794
2.3311 2.6343 3.939
2.0445 2.93 3.6532
2.1864 2.9253 3.8985
2.1309 2.9415 4.2416
2.0561 3.1527 3.8891
2.1917 3.0352 3.9077
2.0886 3.016 3.582
2.063 3.3099 3.7751
1.5969 2.8097 3.9462
2.1118 2.8967 4.3271
1.5259 2.7162 4.1716
2.0048 3.2362 4.0633
1.9381 3.1047 4.1077
2.3622 2.9684 4.2619
1.8403 2.9969 3.8669
2.0559 2.8668 3.8599
2.0723 3.2193 3.912
2.2886 3.2669 4.0057
2.3895 3.3329 3.9166
2.1453 2.8741 4.1737
2.057 2.7651 4.2647
1.9947 3.1883 4.0501
2.0268 3.0715 3.8869
1.9854 2.9869 4.0118
1.94 2.7755 3.9086
2.1789 3.1757 3.6754
1.7343 3.1038 4.2116
2.0307 2.9957 3.9641
2.0316 3.191 4.2541
1.9729 3.1822 3.8105
1.9841 2.8632 4.2964
1.9665 3.0266 4.2664
1.676 3.0652 3.6415
2.2738 3.0425 4.1068
2.2448 2.6751 4.2699
1.531 3.6218 3.8192
1.8026 3.2139 4.0568
2.2467 3.3564 3.8712
1.5221 3.0464 4.3
1.8317 3.0749 4.2723
2.0687 3.0941 3.7287
2.1308 3.0856 4.0917
2.0455 2.7405 3.9598
2.2563 3.2591 3.7345
1.918 3.0447 4.3084
2.071 3.0376 3.8909
2.2828 3.208 3.8735
2.2863 2.9348 4.2088
2.0836 3.0341 3.9897
1.8325 3.0015 4.1716
2.4896 3.0444 3.7536
1.9266 3.164 4.1302
2.1863 3.4131 3.9084
1.9189 2.7336 3.9784
2.1944 2.9822 3.8259
2.2763 3.1973 3.9816
2.122 3.0064 4.1637
1.7379 2.8957 3.8431
2.0967 3.0062 4.39
1.9365 3.1013 3.7666
1.8664 2.8194 3.8111
2.0772 2.9267 3.9009
2.0902 3.0076 3.6533
2.0941 2.8634 3.8988
1.9641 3.1571 4.083
1.895 2.8738 3.9824
1.7278 2.9651 3.9091
2.0766 3.2952 4.276
1.7305 3.2098 4.0285
1.8381 2.946 3.7706
2.0907 3.0603 3.8206
2.0328 3.2238 4.1793
2.1828 2.9984 3.9452
2.3365 3.0308 4.3899
2.0393 3.1507 4.1249
1.8438 2.6706 4.0946
1.7817 3.0995 3.4248
1.6534 3.1939 4.2421
2.3184 2.6501 3.9187
2.2762 2.8853 3.7661
2.0007 3.1257 3.8573
2.4375 3.0401 4.4986
1.9786 2.9804 3.7919
1.9073 2.8753 4.1029
1.5793 3.1868 4.0209
2.2447 3.1474 4.3155
2.1001 2.7287 3.9332
2.0695 3.2343 3.9593
1.7817 2.979 4.1614
1.6617 3.1918 4.1836
1.8106 2.7565 3.7745
1.9496 2.7818 3.9217
1.9628 3.043 4.1316
1.974 2.5538 4.1534
1.4287 3.0332 3.9489
1.8095 2.7589 3.9663
