1699 6 6
0.54823 1.1724 1.0638 0.73846 0.91328 1.0685
1.7157 1.5539 0.73002 1.607 1.1451 0.98739
1.1429 0.95901 0.97517 1.2979 1.2818 1.2834
1.1343 0.7585 1.1434 1.326 1.0978 1.2069
1.1454 0.93931 1.0588 0.84254 1.1777 0.77059
0.78623 0.8381 0.41114 1.2877 1.065 0.84901
1.2741 0.6577 0.97955 0.95171 1.0638 1.0626
0.82702 0.99399 0.96702 1.1255 1.2187 1.2219
0.82727 1.0155 0.75718 0.7773 0.99863 1.3065
0.84607 1.0743 0.95488 1.2235 0.78219 1.0065
1.1105 1.2201 1.3088 1.0172 0.70168 0.85154
0.78768 1.4701 0.87688 1.1496 0.96152 1.1777
0.84703 0.71955 0.71552 1.0976 0.96452 0.96079
1.2839 1.0583 1.0396 1.3175 0.83911 1.1393
1.167 0.95126 1.0431 0.76683 0.77041 1.021
1.1445 1.5171 0.86662 1.0375 0.9835 0.6134
0.91221 0.64106 1.1681 0.82239 1.02 0.89109
1.0607 0.87993 1.098 1.1479 1.3424 0.96118
0.57233 0.83208 1.2709 0.78557 1.1922 1.0248
1.2873 0.60782 0.96046 0.75843 1.5816 1.165
1.2758 0.78836 0.90628 0.94551 1.2197 0.94443
1.1403 0.58964 0.92923 0.83528 0.68459 1.1016
1.0564 1.0067 0.73326 1.2255 1.07 0.94019
1.0046 0.9476 0.64996 0.94287 0.83373 0.80416
0.76872 0.89329 0.59947 1.1928 1.104 0.99599
0.99305 0.84037 1.2037 0.97336 0.85709 1.2703
0.95505 0.88219 0.94125 0.83041 0.77597 1.5052
1.3311 1.0615 0.74858 0.82691 0.96469 1.1583
0.7336 0.53403 0.71018 1.0667 1.0783 1.0903
0.97394 1.0367 0.90477 1.1724 0.72766 1.091
0.83026 0.93302 1.1106 1.2078 0.77647 1.2521
1.132 0.98643 0.96096 0.95648 0.93938 1.0046
1.0103 1.1652 1.3054 1.0934 0.95806 1.125
1.0366 0.79405 1.1898 1.0614 1.027 1.103
1.0523 0.8117 0.96753 0.97079 0.8936 1.3364
0.82485 0.90324 0.8576 0.76516 0.96155 0.94519
1.306 0.9502 0.78716 1.3207 1.2469 0.95407
0.69877 0.91107 0.96881 1.0552 0.94777 1.0887
1.0784 0.74986 0.81041 0.85178 0.89844 0.93588
1.0025 0.39416 0.9086 1.2485 0.78666 1.1867
1.0701 0.9942 1.0365 0.68699 0.98309 1.3208
1.0197 1.0083 0.85317 0.99384 1.0465 1.0853
0.92544 0.95271 1.4047 0.54833 1.4459 1.0675
1.2 0.66717 0.88199 0.94439 1.0845 0.66596
1.0943 0.75743 1.0132 1.1305 1.0654 1.2165
1.2012 0.86982 1.0514 0.81112 0.73564 1.185
1 0.98902 1.1822 1.1189 1.07 1.2501
1.186 1.048 0.86193 0.86969 1.2384 0.67763
0.99511 0.61023 1.2041 1.1723 1.0002 0.98583
0.50274 1.1162 0.56151 0.53614 1.016 0.8103
1.0823 1.1354 1.1715 0.86177 1.0899 1.0201
1.1652 1.1072 1.1796 0.97361 0.97056 1.2016
0.57527 0.89908 0.74588 0.92348 1.1297 1.1651
0.79701 0.90579 1.0274 0.94163 1.0604 1.08
0.81401 0.96463 0.57358 1.2291 0.87418 0.75923
0.94921 0.71427 0.99583 0.88787 1.4356 1.2277
0.50062 1.0883 0.72037 0.94899 1.0329 1.1495
0.94539 1.3153 0.90381 1.0655 1.1329 1.017
1.1762 1.0646 0.84317 0.63893 1.3717 0.87909
1.0207 1.1126 1.0227 0.81905 0.90646 0.97502
1.2958 0.82784 1.1569 1.0617 0.95323 0.78861
0.94317 0.98266 0.70612 1.0384 0.83554 0.98115
1.0672 0.81907 0.94235 1.07 0.63283 1.2072
1.4849 1.1919 0.93685 1.0857 0.7928 1.3756
1.1881 1.1575 0.82483 1.064 0.88834 0.93771
0.886 0.79485 0.81825 0.95802 0.66023 1.1215
0.97644 1.1398 1.0539 1.0989 0.70338 0.79595
0.9106 1.0219 1.2257 0.94201 1.2523 1.0951
1.2348 1.0254 0.86864 0.70372 1.0311 1.1637
0.94148 0.89184 0.93827 0.78068 0.9014 0.96385
1.0092 0.98724 1.1223 1.0219 1.3628 1.0624
1.3609 0.85538 1.1053 0.94795 1.12 1.1188
0.5628 0.73459 0.7118 1.0804 1.294 0.93464
1.1625 1.1091 0.78967 1.0795 0.84962 1.3033
0.99349 1.3272 0.91499 1.1179 0.98744 0.59561
0.80357 1.1225 0.98902 0.77625 0.87472 1.0499
0.8014 1.195 0.87186 1.3618 0.78403 1.0398
0.69579 0.85527 0.88135 1.0803 1.1884 1.0601
0.92539 1.1631 1.1598 1.024 1.1142 1.0826
0.80261 1.1519 0.86856 0.87922 1.0354 0.9385
0.97364 1.1191 1.2094 0.96041 1.0655 0.95234
1.0459 1.088 0.87663 1.055 1.1202 1.0185
1.346 0.87829 0.85259 0.65002 1.1821 1.1734
0.98402 1.1797 1.0367 1.0582 1.0226 1.088
1.0203 1.5575 0.76667 0.62914 0.77186 0.78133
0.91328 0.96631 0.95629 1.1083 1.0779 1.1502
1.3557 1.2446 0.74335 0.53421 1.1804 0.63287
1.0134 1.0071 1.4454 0.98616 0.89854 1.0472
1.0492 1.014 0.87828 0.75548 1.0633 0.73143
0.79356 1.2662 0.91622 0.97194 1.18 0.93998
1.2059 0.93099 1.2026 1.1259 0.9574 0.82686
0.79138 0.94599 0.91237 0.91827 1.1967 0.94046
1.2287 0.89368 1.1945 0.89555 1.0353 1.1941
0.91721 0.91235 1.4007 1.1902 0.9136 1.1298
0.92798 1.1412 1.2832 0.6791 1.2058 1.2916
1.0095 1.3493 1.0311 0.75258 0.5613 0.93332
1.1427 1.0635 1.0827 0.88458 1.0288 0.67227
0.84798 0.83624 1.1039 0.99717 0.76889 0.9981
0.86204 0.86666 1.1728 1.0227 1.0797 1.1768
1.0361 1.1102 1.1366 1.2341 1.0952 1.2824
1.0045 0.99043 1.3403 0.89806 0.99943 1.184
1.03 1.281 1.2068 1.0583 0.84446 1.1133
0.72348 1.0489 1.1617 1.0426 1.1759 1.4078
1.1848 1.0534 1.1283 1.0851 0.73706 0.91672
1.2449 0.99128 1.1165 0.7987 1.0129 1.1201
0.7277 1.0695 0.96363 0.81209 0.99249 0.62074
0.5744 0.76462 0.80189 0.76539 0.65491 1.0576
0.68116 1.022 1.1574 0.99955 1.0186 0.92437
0.70346 0.99124 1.1922 1.3476 0.91396 0.67454
1.0333 1.0753 0.95461 0.77022 1.4049 0.5281
0.89801 0.73567 0.87277 1.0636 1.0276 0.85785
1.1554 1.1245 1.1295 0.91487 1.2097 1.1321
1.5018 1.2127 1.2314 1.0106 0.74232 0.92576
0.84844 0.88721 1.111 0.88864 0.82098 0.91813
0.96782 1.0819 0.80947 1.0635 1.0156 1.2649
0.95737 0.9731 0.76573 0.72295 1.0621 0.9501
1.1007 0.82147 1.3817 1.0244 1.2094 0.95462
0.9675 1.138 1.1112 0.77595 0.69346 0.78043
0.71685 1.0119 0.91775 0.9264 0.72781 1.1559
1.0879 0.98208 1.2042 0.8252 1.0829 1.0697
1.0699 0.85415 1.0654 0.89702 0.82071 0.75935
1.2076 0.83081 0.96542 0.75827 0.94057 0.35359
0.78261 0.71471 0.79711 0.95735 0.93493 1.3889
0.88565 0.94999 0.68614 0.90452 0.7324 1.0061
1.1706 1.0809 0.85988 0.67389 1.292 1.41
1.0241 0.80202 1.2396 0.88147 0.90604 1.1773
0.72296 0.60865 1.0841 1.0801 1.019 1.0993
1.2164 1.1941 0.88629 1.162 1.0346 0.89889
0.76134 1.1294 0.92928 1.0093 0.84141 0.6899
1.0343 0.98757 1.2398 1.1603 1.2107 0.85022
0.81273 0.74618 1.0996 1.5578 1.1455 0.84539
1.1673 0.77433 0.71511 1.1435 0.84442 1.0632
1.2813 1.0802 1.1859 0.67884 1.1323 1.4277
1.1082 0.69182 0.95937 0.90001 1.0766 1.0824
1.0811 0.92724 0.88015 0.88208 1.1707 0.6294
0.95854 1.0541 0.86945 1.0954 0.98574 0.81234
1.0323 0.94636 0.91803 0.85774 1.0123 0.63077
0.92033 0.89129 0.81762 1.1305 0.85315 1.1081
1.1952 0.96863 1.0556 1.1279 0.9838 1.1082
0.74749 1.2221 0.80209 0.63423 1.2769 0.98745
1.0898 0.92735 0.79588 0.3854 1.1253 0.94266
0.96053 1.0811 0.71613 0.85411 1.2295 1.1196
0.74374 0.55935 0.88575 1.0428 1.1885 1.0187
0.77554 1.0612 0.76553 0.80781 0.86925 0.75412
0.94581 0.82001 0.94286 0.90752 0.91804 0.89929
1.2467 1.1221 1.0118 0.70661 0.67484 0.60705
1.521 1.1945 1.0514 0.80515 0.77073 1.1095
1.313 0.66133 0.91012 0.98314 0.6016 1.1682
0.91707 1.3824 0.92182 1.0818 0.77151 0.87503
0.76626 1.0785 1.2604 0.88127 1.0873 0.89913
1.0204 1.2393 1.0241 0.79263 0.82858 0.96603
0.96167 0.82684 1.0361 1.2533 0.94977 0.95909
0.5597 0.8451 0.72135 0.92275 1.1051 1.3047
1.3597 0.97662 0.93596 1.1635 1.098 1.1531
1.1557 0.70394 1.1081 0.98169 0.84795 0.86128
1.2563 0.83805 0.75264 1.0429 1.4022 1.0051
1.0617 0.81235 1.3348 1.025 1.106 0.80959
1.1708 1.0778 0.7688 1.0079 0.90988 1.0218
0.94989 0.96202 0.79342 0.93534 1.1533 1.3489
0.7679 1.4755 1.3052 1.0337 0.93976 0.86027
1.1666 0.86108 0.90762 1.1767 1.0872 1.1793
1.1009 0.91982 0.89723 1.1593 0.86576 1.2373
1.1581 1.0575 1.0006 1.0731 1.7053 0.97751
0.68868 1.383 1.122 0.87042 1.5235 1.1102
1.0588 0.84443 0.78701 0.64632 0.91542 0.78938
1.1296 0.93647 1.3538 1.3021 1.0328 0.94345
1.2304 0.7707 1.1347 0.86618 0.91994 0.86564
1.1151 0.84438 0.78729 1.1106 0.91531 1.0723
0.92962 1.0539 0.48711 1.0932 1.3707 1.2079
1.1822 0.95205 1.0362 1.0488 1.0193 0.83391
0.92955 0.96504 0.90387 1.1674 1.5077 0.73533
1.0257 0.71152 1.2605 1.282 0.66749 1.3887
0.78306 1.0454 1.2198 1.0294 1.4591 1.5505
1.0277 0.61859 0.927 0.83038 0.84705 0.77446
1.0156 1.4213 0.85683 0.9439 1.2333 1.2426
1.0971 1.2052 1.1741 0.92365 1.0858 0.94017
0.82003 1.1269 1.0135 0.96258 1.0583 1.1975
1.0786 1.0389 1.056 1.0102 0.84511 1.1574
1.2818 0.89318 1.3856 0.96475 0.95125 0.82048
0.84153 0.80941 1.0708 1.3194 1.1055 1.1708
1.2684 0.50009 0.96649 1.0706 1.1435 0.73903
0.79883 1.1581 0.97669 1.1106 0.80787 0.67324
1.1522 1.2387 1.3264 0.69356 0.73263 0.70523
0.99167 0.8769 1.2628 0.70899 0.65153 1.0411
1.2386 0.83944 0.74687 0.97013 0.67271 1.0035
1.1657 1.0435 0.61815 0.89264 0.93959 1.3627
1.183 0.98858 1.2619 0.79105 0.93035 1.2825
1.3005 1.1461 1.0982 0.88277 1.149 0.83437
1.1149 1.0564 1.2279 0.91483 1.1272 1.1586
0.82032 1.0312 1.3195 1.0225 0.93828 1.0913
0.94498 1.0886 0.97305 0.99633 1.0922 1.2725
1.0904 1.3297 0.59433 0.91015 1.0472 0.83297
0.74481 1.1234 1.1225 1.0579 1.0791 0.82589
0.90046 0.97867 0.86243 1.0664 1.473 0.90355
1.1295 0.79312 1.2679 0.80617 1.0417 0.87628
1.1024 1.0023 0.9912 1.5898 0.87399 0.99062
1.5366 0.77066 1.1106 0.78471 1.2061 1.0655
1.1304 0.94423 1.049 1.2945 0.54498 0.67334
1.0831 0.86905 0.94073 0.70062 0.81903 0.91916
0.85484 0.8267 0.91563 0.81147 1.2684 0.80231
1.3636 0.92511 0.70965 0.87626 1.1869 1.2112
1.032 1.0575 1.1266 0.70819 0.88366 0.63397
0.91018 1.1899 1.1435 1.4576 1.0333 0.5687
1.3379 1.2565 0.88347 1.0445 1.1559 1.0769
1.1393 0.97746 0.99224 1.0176 0.84207 1.2846
1.0013 1.1373 0.82901 0.78495 0.98181 0.94945
1.239 1.1212 1.1081 0.71101 0.80646 1.0404
0.93042 1.258 1.2682 0.88384 1.175 1.2791
1.0642 1.3247 1.2125 1.0428 1.1754 1.0389
0.91702 1.0717 1.0072 0.92707 1.3542 1.0443
1.5461 0.94077 1.1129 1.3165 1.5458 1.0607
0.84195 1.1607 0.73602 0.94523 1.0544 1.2979
1.2874 0.99449 1.1848 0.93574 1.1322 1.3831
1.0314 0.93989 0.89999 1.1433 1.2675 1.4251
1.0108 1.0326 0.87346 1.3224 0.98491 0.90535
1.4368 1.162 1.1433 0.79889 1.0868 1.104
0.78155 0.95484 0.91902 1.1056 0.79861 1.2178
1.357 0.93925 0.99826 1.1013 1.2407 1.1044
1.0794 0.90344 0.9537 1.1227 1.3366 1.1137
0.75879 1.0866 0.98158 0.95119 0.95616 0.82405
0.93584 0.84312 0.92701 1.0235 1.0349 0.95687
0.96948 1.0067 1.0917 1.2563 1.124 0.94267
1.1196 0.95089 0.64385 0.53055 0.65728 0.95257
0.87607 0.85597 1.0081 0.8682 0.8739 1.1219
1.1565 1.4873 1.0605 1.0117 0.88517 0.96096
0.98989 0.64884 0.94853 1.1499 0.88585 1.0988
1.1983 1.2154 1.1554 0.54803 0.88712 1.1803
1.0789 1.001 1.0874 1.226 1.0308 0.84827
0.96397 0.95844 1.1793 1.0825 1.1095 1.0296
0.92755 1.0122 1.0433 0.72038 1.0358 1.1855
0.97796 1.3145 1.1121 0.91593 0.96921 0.94496
1.0482 1.1509 0.94162 1.0917 1.3511 1.1863
1.1651 0.83704 0.89316 1.0485 0.97987 0.67499
0.69712 1.2052 0.84837 1.4157 0.5556 1.0898
1.0001 0.84875 1.0809 0.84123 1.172 1.0134
0.67212 0.51505 0.94323 1.2292 1.0362 1.0109
1.1376 0.72132 1.2851 0.82123 1.0076 0.92729
1.0299 0.6111 1.3048 1.1092 1.402 1.2833
1.0023 0.81219 0.65222 1.0034 1.0438 1.2092
0.8098 1.159 1.0143 0.84526 1.1548 1.0531
0.95298 1.3755 1.1218 0.97795 1.0555 1.0174
1.0347 1.0907 0.8793 0.8406 1.0721 1.377
0.93864 0.79746 0.95229 0.9032 0.93453 1.0951
0.974 0.88113 0.91125 0.73549 0.8281 0.7174
0.8968 0.78298 0.85857 0.93967 0.75991 0.99613
1.0681 0.80735 1.2228 0.68278 0.92164 0.70306
0.93107 0.73522 0.88503 0.85186 0.763 0.58703
1.113 1.4 1.4447 0.90156 0.9908 0.90685
1.0152 0.81625 0.61611 0.99271 0.75497 0.61951
1.4748 0.95333 1.0808 1.2385 0.66305 1.0826
1.1003 1.0166 1.0316 0.89441 1.1446 0.83001
0.84072 1.1451 1.3373 0.92272 0.89898 1.0816
1.2145 1.1936 1.054 0.87312 1.126 0.98415
1.2754 0.71836 1.0282 1.2579 0.90101 0.87504
0.81327 0.94426 0.9599 1.0273 0.82333 1.0165
0.87923 0.92625 0.83237 0.9435 1.714 1.6815
1.2294 1.1575 0.74437 0.88308 0.87612 1.1071
1.0966 1.0217 0.93194 0.81483 1.0011 1.2278
1.0855 1.0362 1.1315 1.1168 0.67671 1.0038
0.91481 0.59319 0.73429 0.93602 1.1651 0.95414
1.0525 0.8204 0.56854 1.0188 0.80976 1.2345
1.347 0.92566 1.2386 1.1907 0.71699 0.99333
1.0522 1.1046 1.1354 1.1349 1.1357 0.93748
1.0758 0.54942 0.76633 1.2404 0.86785 1.0655
1.3016 0.82222 0.80814 0.90146 1.0882 0.95905
0.80444 0.68541 0.92595 0.95577 0.89296 0.94761
0.78092 1.1098 0.56508 1.0289 1.1338 0.83023
0.98858 1.0584 0.87708 0.99727 1.0824 0.81257
1.167 1.2189 1.0642 1.003 0.7671 1.099
0.75683 1.3182 1.1053 1.053 0.92128 0.56474
0.76087 1.0731 1.4825 1.148 1.0619 0.8916
1.0245 1.1925 0.94921 1.3784 0.75595 0.92475
1.0105 0.60921 1.1131 1.0156 1.0161 1.1589
1.2087 1.1604 0.90624 0.99068 1.0707 0.74864
0.79279 0.91461 1.0155 1.3582 1.1595 0.9115
0.87418 1.3068 1.5467 1.0335 0.90423 0.71747
1.195 1.0579 1.2331 0.81826 1.0481 0.86919
1.255 0.88976 0.98252 0.93044 1.1988 1.0857
0.79916 0.87346 0.79086 1.1011 1.0664 0.67292
0.61863 0.99192 1.1394 1.0338 0.69124 0.68964
1.1734 0.97093 0.92275 1.2632 0.84071 1.0271
1.0836 1.164 0.82913 1.0715 1.5497 0.6974
1.0868 0.95405 0.83458 0.8336 1.0996 1.4631
0.84123 1.1082 0.88819 1.3953 1.1089 0.97242
1.124 0.99888 1.2214 0.96288 0.77572 1.0493
1.3122 0.76068 0.95153 1.201 0.61597 1.1251
1.1506 1.0427 0.84595 0.99857 1.0186 1.1871
1.1327 0.92995 1.324 0.98983 0.83746 0.91232
1.1717 1.039 1.1778 1.0138 1.4974 0.66687
0.91681 0.98316 1.0179 1.2912 1.0439 0.97702
1.0137 1.1503 0.86211 1.0902 0.687 0.98424
0.81164 0.86943 1.0565 0.77498 0.80221 0.69683
0.5543 0.9697 1.2325 0.96361 0.95321 0.79065
1.3167 0.95012 1.2588 1.0724 0.94739 1.2164
1.1965 0.97771 1.2592 1.3563 0.98688 0.94886
1.0809 1.0704 1.1615 0.94888 1.143 1.2097
1.0355 1.0307 0.74914 0.76544 0.70771 0.75114
0.96898 0.67702 1.4492 1.1479 0.58647 0.76909
0.97856 0.65742 0.90802 1.2182 0.96722 0.98655
0.79968 0.88887 0.72969 1.0728 0.90956 1.1567
1.2474 1.2154 0.99303 0.8992 0.7552 1.0237
1.1919 0.93181 0.96534 1.1233 1.1728 0.71662
1.04 1.0392 0.96977 1.1786 0.92716 0.83476
1.0552 1.092 0.9565 1.1592 0.6964 0.78502
0.38557 1.1043 0.8018 0.94937 1.2019 1.0102
0.91191 0.83031 0.95193 1.1206 0.69675 0.98633
1.1565 0.71585 1.1339 1.1366 0.82357 0.6991
1.0866 1.1617 1.1158 1.1526 0.76357 1.1168
0.884 0.88773 0.68882 1.22 1.035 1.2007
1.3022 0.77255 1.1286 0.99745 1.1829 1.2215
1.1641 0.83648 0.9747 1.0528 1.6317 1.2453
1.4641 1.0829 1.0424 1.1226 0.89444 1.2483
0.96847 0.72528 1.1742 0.68629 0.63115 1.0577
0.80982 0.81785 0.96761 0.90222 0.95544 1.0544
0.76629 0.75515 0.5801 0.92195 1.1329 0.85955
1.1003 1.1081 1.1982 1.1979 0.86223 0.82863
1.0097 0.86703 1.2905 1.276 1.019 0.91457
1.1022 0.86875 0.975 0.89391 1.0211 1.2257
1.1485 1.2287 0.81706 1.036 0.80333 1.077
1.0651 1.2593 1.2198 1.1306 0.89899 0.9048
0.58969 0.91034 0.68976 1.186 1.1804 1.0277
0.92432 1.0286 1.321 1.2698 0.91031 1.0337
0.7759 1.0801 1.1478 1.18 0.69376 1.1009
0.82716 0.92469 1.1576 1.0596 0.96725 1.1213
1.3269 0.8753 0.72998 0.76755 0.81114 0.86576
1.1153 0.58285 1.0472 0.84432 1.2199 0.82889
1.0015 0.81248 0.86369 0.94797 0.95424 0.89504
1.2257 1.11 1.371 0.94454 1.2133 0.58015
1.1277 1.0743 0.92516 1.1391 1.1755 1.2067
1.084 1.1202 0.8652 0.78096 0.94648 1.0373
1.1902 0.8419 0.9021 1.5949 0.87548 1.3841
1.1922 0.88844 0.97869 0.95697 1.0947 1.2731
0.67244 1.4047 1.1556 0.89022 0.9748 1.0599
1.0592 1.2402 1.218 0.92826 0.97401 1.1467
1.0241 1.2273 0.86265 1.0943 1.0577 1.2784
0.7309 1.0001 1.0107 0.53162 1.2496 1.5618
0.95356 1.0574 0.90708 1.0769 0.92403 0.97964
1.3236 0.83055 0.88482 0.98482 0.97351 1.2879
1.4063 0.80436 0.8718 1.1041 0.92386 1.3986
1.3272 1.1118 1.1127 0.93232 1.1527 1.2255
1.0283 1.3856 1.1341 0.97798 1.0742 1.2193
0.92037 0.98291 1.4747 0.90522 1.1893 1.1636
1.3178 1.1052 0.50696 0.82949 1.1023 1.0516
1.3925 1.2813 1.0994 1.0166 0.6903 1.3726
1.0268 0.6908 1.0867 1.0206 0.88593 1.0986
0.8585 0.73039 0.64914 0.92724 0.87458 1.088
0.69947 0.95835 0.69897 1.3619 0.97661 1.2452
1.099 1.1817 0.76916 1.2515 1.2905 0.58464
0.9647 0.86958 1.0313 0.82995 1.0558 1.1194
1.0489 0.97633 0.74212 1.0115 0.89581 0.74419
0.98875 0.95806 1.0384 1.1985 1.1152 1.2612
0.85414 0.82709 0.98102 1.2766 1.2607 0.97484
0.88063 0.69587 1.1344 1.0046 0.76444 0.93308
0.63411 1.086 0.9652 1.3262 0.72811 1.1941
1.0287 1.0165 1.1433 1.2387 0.78579 1.2638
0.758 0.78518 0.86549 1.1473 0.78601 1.0669
1.0824 1.0308 1.1109 0.76543 1.2015 1.0227
1.146 0.8033 1.0104 1.1755 1.2028 0.98313
0.62929 0.78064 1.0437 1.1588 1.0926 0.87747
1.4489 1.0145 1.1731 0.91686 0.77701 1.1371
1.2075 1.3644 0.8942 0.67441 1.3235 1.0528
0.77457 0.88816 0.83823 1.2322 1.1184 1.0485
1.0481 0.8357 1.1986 1.0693 0.94777 0.96306
0.97965 0.82259 1.1483 1.2784 1.4948 1.1008
0.8355 1.0402 0.79859 0.87737 0.86821 0.83335
1.0756 0.77693 1.1334 1.1591 1.2075 0.99591
1.1238 1.3606 1.0106 0.96442 1.3545 0.49824
0.90868 1.4861 0.90571 0.88793 0.75471 1.1586
0.57801 0.84012 1.1134 0.99971 1.1248 1.0253
1.1362 0.74252 1.0436 0.68669 1.1567 0.93789
1.1311 0.89251 1.0657 1.2108 0.60406 0.62652
0.63353 1.1697 1.081 0.85951 1.2998 1.0276
0.68264 0.79617 0.72295 1.191 0.87978 0.76562
0.88458 0.83271 1.1706 1.0955 1.0605 1.0832
1.0086 0.81023 1.1083 0.83577 0.78562 0.78518
1.1739 1.1962 0.64823 0.97038 1.0504 0.87792
1.1522 1.0509 0.96943 0.88852 1.1354 1.1699
1.0939 0.95204 1.1842 0.81862 1.0289 1.2793
0.96206 0.83123 1.3887 0.95062 1.0883 0.83928
1.0575 1.0934 1.0009 1.0652 1.2409 0.71918
1.0411 0.60176 1.0057 1.3861 1.1882 0.99862
0.93235 1.1057 1.2114 1.0029 1.323 0.83683
0.60045 0.85036 0.96014 0.92545 0.83053 1.2674
0.67674 0.90164 0.80614 0.90518 0.86677 1.0957
0.79179 0.83587 1.0202 1.2168 0.62909 1.36
0.82433 1.1295 1.2099 1.2646 0.89653 1.0049
0.96753 0.87887 1.0543 1.0717 0.92954 1.0265
1.5347 0.99849 1.1421 0.90749 0.89442 0.93084
1.1129 0.83969 0.62941 1.0106 0.91272 1.056
1.0169 1.1458 1.1802 0.73487 0.69508 1.1005
1.0613 0.81217 1.2475 1.0066 1.0247 1.0548
1.1508 1.3049 0.9476 0.65386 1.2027 0.81445
1.2487 0.8821 1.2983 0.8388 0.77748 1.1914
0.72739 1.1361 1.0876 0.97135 0.93169 1.4116
0.92509 0.96196 0.81225 0.83731 0.88328 1.3419
0.92192 0.86199 0.91036 1.1429 0.73685 1.1254
0.73374 0.97383 0.63462 1.1072 1.1386 0.86249
1.0635 1.0326 1.2318 1.0257 1.2079 0.97665
0.87034 0.9924 0.96014 1.1763 0.98877 0.83175
0.96903 1.2377 0.91702 0.86828 1.1968 1.0202
0.92746 0.85223 0.70403 1.0307 0.9366 1.0638
0.70869 1.2644 1.0974 0.68667 1.2114 0.88248
1.0604 1.0439 0.82436 0.42772 1.1071 0.93159
0.88043 1.0838 0.86206 1.1342 1.0302 0.80174
1.1674 1.0949 1.2504 0.82148 0.82095 1.0627
1.1334 1.1656 1.0013 0.95282 1.1306 1.3929
1.1769 1.0169 0.8851 1.1 0.90318 1.0477
1.1556 1.1849 1.1176 1.2756 1.3702 0.62047
0.64426 0.81547 0.60041 0.92858 0.93272 1.0501
1.0572 0.86277 0.83734 1.1587 0.92361 0.72576
1.0021 1.0408 0.91779 1.1327 1.0452 0.95743
0.99119 1.0916 0.91172 0.78901 0.96888 1.0258
1.1019 0.99398 0.90853 1.1193 0.97729 1.1614
0.98204 0.99874 0.98163 0.81575 0.81461 0.80776
1.357 0.95996 1.1881 1.0698 1.3719 1.1854
0.75461 0.93455 1.1783 1.0576 1.453 0.99042
0.68963 1.0888 0.81764 1.0099 1.2156 1.0616
1.0599 0.96056 0.97072 0.97939 0.4402 1.0787
1.198 0.74047 0.69561 1.1242 0.6985 0.66412
1.1578 0.86914 1.249 0.74155 0.87713 1.0483
1.1099 1.0935 1.0383 0.95404 0.88416 1.0961
0.92263 1.0843 1.2175 0.55013 1.3609 0.87359
1.2633 1.3103 0.70622 1.0354 1.6933 0.95707
1.0973 1.0662 1.2536 1.2181 0.81071 0.9123
1.0686 0.98832 1.507 1.0877 1.0875 0.83246
0.7385 1.1588 0.96055 1.1298 0.83371 1.1792
0.6373 1.3133 1.1693 1.022 0.76778 0.92049
1.0509 1.2416 0.79329 1.259 1.5536 0.90093
1.0938 0.86854 0.65661 1.2941 1.1388 0.89786
1.0227 0.95404 0.70765 0.42353 0.99051 0.90751
0.88467 0.83081 0.63655 0.89565 1.0323 0.78764
1.0901 0.94544 0.97971 0.71418 0.84712 1.082
0.84201 1.0323 1.3956 1.1591 1.2075 1.4721
1.2351 1.0795 1.3902 0.81907 0.86357 1.4037
1.0909 0.99158 1.0916 0.94717 0.9416 0.92264
0.8892 0.81125 0.98803 0.88506 1.2884 1.0471
1.2043 0.97203 0.98369 1.2516 1.2937 1.0066
1.3385 1.0951 1.0737 1.4384 1.3071 1.1815
1.0805 0.89232 0.97696 1.3644 0.5957 0.8726
0.96224 1.0297 0.64322 1.1058 1.1459 0.81197
0.94814 0.75729 1.3249 1.0747 0.94982 0.81491
1.0197 1.3369 1.0551 1.0707 0.75992 1.0332
1.1552 0.72371 1.2257 1.4931 0.68842 0.58667
0.98548 1.1518 0.98367 0.96831 1.0013 0.78708
0.67122 1.3163 1.0585 0.76248 1.2152 0.74053
0.97565 1.1482 0.83186 0.93011 1.0059 1.3905
1.0918 0.92014 0.95492 0.94394 1.2613 0.94312
0.84166 1.0481 0.98107 1.1586 1.1919 1.2174
1.1294 1.1265 1.3807 0.76799 0.93054 0.66099
1.1839 1.0043 0.94013 0.6558 1.0367 0.94805
0.72904 0.76851 0.8476 0.94994 0.67025 0.9636
1.1231 0.92467 0.86039 1.0608 1.2202 0.91068
0.90666 0.71284 0.80446 1.1212 0.97727 1.1529
1.134 1.0752 1.1533 1.3047 1.1154 1.0852
0.99141 0.75155 0.89901 1.0652 0.77772 1.0936
1.0645 1.02 1.0603 1.0048 0.99559 0.99825
1.1859 0.98191 0.47177 0.90277 1.0392 1.1919
1.2761 0.81171 1.1522 1.0476 0.95833 1.0049
0.99438 1.0281 1.0475 0.86569 0.791 1.1932
0.95605 1.2829 0.81516 0.88117 1.2843 1.2815
0.7942 1.0413 1.2682 1.2665 0.74302 1.3237
1.1323 1.0455 0.95488 0.8068 1.019 0.94865
1.462 1.038 0.96532 0.99719 0.87745 1.4144
1.1274 1.015 1.2247 0.99337 0.98045 0.88868
0.8769 1.3209 1.1537 1.0174 1.3409 1.0047
1.058 0.71602 1.0951 0.71054 0.80234 1.1899
1.0702 0.82554 0.92037 1.0513 1.044 0.65771
0.75885 0.64542 0.9855 0.65578 1.1404 0.79891
0.77871 1.3581 1.4325 0.83614 0.99259 1.3926
0.89195 1.3435 1.164 1.0111 0.92937 1.3386
1.1422 0.87345 1.0785 0.82441 1.0298 1.3064
1.1064 0.84807 1.0696 0.86044 1.4039 0.64126
0.8681 1.1543 0.83593 1.0036 1.1309 1.2515
0.81458 0.96602 0.90567 0.97715 1.0739 0.87628
1.16 1.0853 0.90553 1.0552 1.1968 1.1986
1.1336 0.987 0.87598 1.0448 0.90677 0.93358
1.185 1.2894 1.1192 1.4107 0.69415 1.0045
1.0191 1.3229 1.1003 0.93523 1.1108 1.1285
1.0365 0.5945 1.2046 0.30169 1.0219 0.68973
0.92898 1.2797 0.89731 1.3834 1.1557 0.95071
0.81929 0.90082 1.0749 0.52589 1.123 1.0559
1.1638 1.4095 0.93525 0.80389 1.2359 1.1789
0.97141 0.88131 1.0498 0.77404 1.0132 0.87242
0.83614 1.1936 1.0061 1.2702 0.78273 1.0481
0.79076 1.1237 1.261 1.2047 0.57692 1.1363
1.0017 1.0669 0.89052 0.6698 1.1786 0.89859
0.93404 1.0337 1.5073 1.4587 0.73627 0.90517
1.1975 0.58539 1.2488 0.93695 1.2799 0.82402
0.81551 1.4629 1.1176 0.93805 0.79341 1.2207
1.0684 0.5472 0.81934 1.594 0.99765 0.60009
0.8224 0.91602 1.1389 0.96745 1.0203 0.99643
0.80793 1.2346 0.92695 0.90732 1.039 0.98661
0.89569 1.0254 1.4226 1.1083 0.86898 0.82609
0.95222 0.6848 1.3652 1.0409 0.76732 1.0241
0.7113 1.1165 0.96371 1.0084 1.0724 1.1707
0.83805 0.70659 0.97922 0.83542 1.085 0.62906
1.1717 1.0613 0.77769 0.93655 1.1676 1.4853
0.92978 1.2764 0.82787 1.0414 0.9585 1.0681
0.90038 0.71572 0.94585 1.0879 0.89877 0.96313
1.0804 1.1078 0.85328 0.94633 1.1741 1.0662
2.7304 1.3096 -0.12333 -0.13971 -0.28472 -0.021926
2.9795 0.93546 -0.16792 -0.33211 0.6025 0.30017
2.9282 0.97702 0.07178 -0.0024275 -0.11407 0.18681
2.7723 1.3914 -0.35265 -0.064667 0.17452 0.023583
2.6994 1.1844 0.032649 -0.16293 0.080742 0.15123
3.4369 0.98124 -0.058841 -0.10096 -0.3854 0.10428
2.5891 0.94603 -0.055006 0.16903 -0.55424 0.18361
2.8961 0.7414 -0.0017436 0.046671 -0.084839 -0.29389
3.2413 1.0395 -0.14138 0.24327 0.073434 -0.2535
3.1242 0.64091 -0.21157 0.030309 0.082253 0.0141
2.6134 1.1637 0.25235 0.23347 -0.11407 -0.07878
2.7965 1.05 0.050425 -0.1543 0.18391 0.17043
3.1314 0.84931 -0.2677 0.13045 0.28944 -0.25803
2.5584 1.2872 -0.012334 0.23556 0.1971 -0.24372
2.9136 0.83301 0.035936 0.23326 0.011197 -0.42001
3.2471 1.0005 -0.091907 -0.42064 0.074784 0.049036
3.0677 0.78439 -0.14603 -0.18327 0.35751 -0.16408
2.9607 0.82197 0.18215 -0.002453 0.014563 0.18788
3.135 1.1572 -0.42655 0.043986 0.19326 0.069999
3.1804 1.4242 0.24972 -0.22464 -0.16602 -0.024356
2.8715 0.98421 0.24562 -0.10627 -0.057221 -0.045521
3.1349 1.2074 -0.029893 -0.063416 0.18672 0.14466
3.0976 1.6532 0.0063402 0.068255 -0.016706 0.12328
2.895 1.2015 0.36582 0.017058 -0.013665 -0.11269
2.9053 0.65929 -0.010744 -0.17627 0.25118 0.031168
3.011 1.2797 -0.35513 0.065931 -0.21158 -0.12867
3.0517 1.1783 -0.16732 0.11063 0.29168 -0.17102
2.8016 0.99766 0.12538 0.00029984 -0.16327 0.02303
3.0414 0.91109 -0.2241 0.087072 0.0034177 -0.072597
2.8738 0.89994 -0.17344 -0.20802 0.25309 -0.048292
2.6542 0.90235 0.21208 -0.10763 0.35547 -0.1559
2.8494 0.79337 0.23277 -0.11602 0.08346 -0.32963
2.8855 1.1318 -0.25608 0.010025 0.10968 0.35569
3.1282 1.1893 -0.070851 -0.11576 0.011295 -0.17866
3.2244 1.1552 0.1925 0.25216 -0.021584 -0.11543
3.1051 1.2304 0.17168 0.18912 0.30123 0.059068
3.2408 0.99763 0.1579 -0.28072 0.30842 -0.35498
3.0411 0.93076 -0.2318 0.067165 0.066449 0.28224
3.0274 1.1155 0.048618 0.29353 0.22611 0.0021306
3.0249 1.3559 -0.047894 0.1716 -0.17567 -0.15239
3.1726 1.1297 0.21162 -0.12664 0.2036 0.034385
2.9905 1.3378 0.28741 -0.45022 0.071298 -0.17005
2.9401 0.87315 0.3249 0.24821 0.11106 0.14068
3.0916 1.1368 0.050258 -0.035701 0.10155 -0.06198
2.9211 0.94605 -0.017626 0.0016059 0.50636 -0.24465
2.7856 1.0492 -0.010122 -0.14603 0.065397 0.1506
2.7693 0.91843 -0.25758 0.016716 0.03276 0.13651
2.7827 1.0595 -0.028662 0.27839 0.061349 -0.10744
2.9542 0.89276 0.2878 -0.10222 -0.32137 -0.040249
3.2287 1.1327 0.032817 0.35708 -0.11754 0.051807
2.8256 0.84242 -0.068868 0.12952 0.41083 0.15979
2.7858 0.95897 -0.11089 -0.058589 0.23605 0.075479
3.1983 1.1207 -0.15858 0.18616 -0.27008 0.15996
3.1199 1.2201 -0.28395 -0.040727 0.0035826 0.02007
3.1753 1.1401 0.1304 0.035706 0.3352 -0.065019
3.0202 0.88466 -0.012306 0.14512 -0.24547 0.038186
2.853 1.1577 -0.39308 -0.3911 0.32486 -0.029884
2.6063 0.66277 -0.017384 0.061477 0.067509 0.2134
3.0666 0.9853 0.20955 0.41177 0.0053387 -0.048105
3.2077 0.89855 -0.29662 -0.021298 0.049053 0.029159
2.7764 0.88061 -0.1359 0.19101 -0.02616 0.12988
3.1197 0.9615 -0.39616 0.072588 0.14079 -0.15052
2.9966 0.91167 0.34027 -0.0061138 0.040784 -0.20956
2.8529 0.72869 0.14572 0.12144 -0.16566 0.57753
3.1838 1.0812 0.38324 -0.49114 -0.018213 -0.004936
3.04 0.79234 0.10587 -0.44342 0.021483 0.087782
2.9918 1.0729 -0.15274 0.1099 -0.074928 -0.33183
2.938 0.87601 -0.20492 0.101 0.0080946 -0.050946
2.8905 1.3353 0.2346 -0.037812 0.017315 0.30251
3.3587 1.2205 -0.065169 -0.11656 0.15032 -0.17275
2.7858 0.92895 0.19118 0.031856 0.048988 0.22495
3.0469 0.77229 0.16842 0.095268 -0.017678 -0.082607
2.8911 0.9952 -0.1601 -0.10244 -0.29734 -0.10373
2.8614 1.1155 0.29099 0.2071 0.20936 0.13524
3.1093 1.15 -0.14597 0.16664 -0.23971 0.12375
2.8335 0.8059 -0.090702 -0.26054 0.003195 0.22213
2.9501 1.0991 0.032407 0.24236 -0.031663 0.058594
3.4935 1.2292 -0.18677 0.22396 -0.18485 0.0019814
3.0579 1.174 -0.079452 0.10757 0.35395 -0.3811
2.7847 1.239 -0.05879 -0.0076356 0.18479 0.44461
2.7396 0.8182 -0.0155 0.00010209 0.021371 -0.062493
3.2439 0.81809 0.040795 0.19795 0.07504 -0.12443
3.0241 0.93652 -0.11994 0.27063 -0.039534 -0.1156
2.8488 1.0242 -0.29917 -0.32923 0.038579 -0.25795
2.92 1.1551 0.18443 0.30891 -0.20191 0.17134
3.0651 1.2505 0.044032 0.16304 0.22788 -0.082342
2.9078 0.73419 -0.0175 0.071089 -0.14863 0.014406
2.9287 0.91366 0.15587 0.16326 0.22966 -0.21699
2.9728 1.131 -0.25869 0.38535 0.04665 -0.109
3.2066 1.0754 0.021851 -0.13604 -0.35308 -0.19271
2.8709 1.0905 0.1229 -0.15706 0.16564 0.13348
2.9749 0.80975 0.17841 -0.025944 -0.2027 0.050457
3.1047 0.70767 0.37328 -0.42981 -0.32705 0.2448
3.065 0.91422 0.0023192 0.14626 -0.1736 0.18563
3.1395 0.99097 0.038242 -0.12575 -0.17132 -0.077743
3.2057 0.95206 -0.090325 -0.19585 -0.22669 0.0044242
3.208 1.2463 0.11204 -0.061808 -0.073521 0.073127
3.1875 1.1948 -0.42378 -0.0092929 -0.19336 -0.09425
3.347 0.84449 -0.33676 0.035405 -0.024896 -0.083111
3.1759 1.1132 0.075183 -0.055391 0.07002 -0.058261
3.0372 1.1153 0.067931 -0.13457 -0.1074 -0.20803
3.1995 0.99479 -0.1314 0.13555 -0.10217 0.089201
3.3033 1.1876 -0.032033 -0.022768 0.38743 -0.03416
3.0602 1.0652 0.18497 0.043058 0.07325 0.06443
3.5378 1.1752 -0.1753 -0.24349 -0.32297 0.36802
2.8362 1.1984 0.10676 -0.30535 0.40457 0.11046
3.364 1.0685 0.035912 -0.20386 0.0075199 0.027425
2.6958 0.99622 0.032649 -0.14423 0.082121 -0.24253
2.8853 1.0211 -0.12102 0.084359 -0.072562 -0.17482
3.1863 1.12 0.11427 0.13702 0.20188 0.19817
3.0067 0.90995 -0.022131 0.24757 -0.23957 -0.11288
3.2087 1.1692 -0.099107 -0.041364 -0.031159 -0.05508
2.5114 0.91454 0.061812 0.49032 -0.29253 -0.12711
2.9229 0.81154 -0.13475 -0.38485 -0.022484 -0.1037
3.107 1.0115 0.21316 0.32415 0.024371 -0.24761
3.0488 1.2797 -0.019095 0.077525 -0.19326 0.30184
3.0808 0.91557 -0.3348 -0.13753 -0.20544 -0.098512
3.0694 1.1659 0.031127 0.016743 0.074923 0.53064
3.0665 1.0282 0.31557 0.01791 -0.1346 0.18638
2.9284 1.0404 0.17525 0.16159 -0.32067 -0.47241
2.8597 1.3304 0.047015 -0.030351 -0.031178 0.20763
3.0661 1.0952 -0.4181 -0.034807 0.0038376 -0.17201
2.9954 0.87954 0.17398 -0.11416 0.26094 -0.0085288
3.1791 1.457 0.013365 0.29892 -0.21449 0.36467
2.7583 0.98692 -0.065367 -0.22983 -0.26161 0.12928
2.7222 0.73186 0.22577 0.00033923 0.075937 -0.18027
2.9606 1.0614 0.033491 0.35762 -0.12482 -0.029992
3.1664 1.1896 -0.39475 -0.078376 -0.13534 -0.0032042
3.103 1.089 0.22818 0.089536 0.063088 0.18912
3.0857 0.73508 0.021964 -0.33094 0.22213 -0.42157
2.89 1.0189 -0.007644 0.37659 0.011092 -0.12278
3.1174 0.75866 0.10907 0.050186 -0.078549 -0.12441
2.7619 0.62431 -0.084802 0.15545 -0.14279 0.31693
2.8223 1.4282 -0.13844 0.019859 0.287 0.24668
2.8485 1.1477 -0.22287 -0.34117 0.13223 -0.34593
2.5724 0.98799 0.27714 0.24356 -0.29901 0.0074566
3.1606 1.1948 0.31215 0.31725 0.17126 -0.2849
3.0079 0.72402 0.24661 0.34842 -0.4003 0.1671
2.9314 0.90441 -0.17782 0.25269 0.07664 -0.023773
3.0834 1.2026 -0.1739 -0.15894 0.1377 0.31713
3.25 0.97688 -0.26635 -0.46856 -0.18531 0.22591
2.8902 1.0567 0.042556 -0.44055 0.25021 0.40494
2.9922 1.1997 -0.15147 0.11923 0.42464 0.26235
2.86 0.79608 0.010623 -0.047404 -0.012547 0.25422
3.0442 1.3328 -0.008592 -0.026647 0.15864 0.085255
2.958 0.68237 -0.22328 0.12337 0.10869 -0.29358
3.024 1.1059 -0.23505 -0.19964 0.23881 -0.35074
3.0893 1.1956 -0.35825 -0.026038 -0.23505 0.017992
2.9156 0.66981 0.12359 0.11923 -0.12369 0.10558
2.7311 0.75305 -0.23069 -0.021866 -0.10484 0.38226
2.9858 1.1124 0.11481 0.074347 0.038339 0.24882
2.7672 1.3271 0.13727 -0.2299 0.22203 0.23651
3.3415 0.91594 0.32788 0.052694 -0.2927 -0.15523
3.1859 1.3586 -0.23663 -0.022235 -0.13135 0.37595
2.8208 1.2663 -0.12491 0.15534 -0.26485 0.30006
2.5594 1.0645 0.084201 -0.16414 -0.19329 0.12187
2.7928 0.99435 -0.56395 -0.41621 -0.0089506 0.22359
2.6701 1.1357 0.098865 -0.11769 -0.0047849 0.43826
2.7199 1.096 0.04151 0.064417 -0.0011761 0.056278
2.9497 0.66131 -0.1168 0.046889 0.051757 0.12073
3.4442 0.66917 0.13608 0.027166 -0.0075975 -0.13863
2.9745 1.1361 0.085243 -0.32113 0.18124 0.049903
3.3788 0.77752 -0.14441 -0.35044 0.00072246 0.19903
2.9042 0.89618 -0.058932 -0.03211 0.2047 0.0031789
2.9035 1.1269 -0.27289 0.11972 -0.0413 0.42787
2.8702 1.0847 0.023573 -0.21616 0.17511 -0.44526
2.6108 0.73808 0.26112 0.19679 -0.25028 -0.035951
2.8513 1.0466 0.42027 -0.17533 0.38976 -0.093054
2.8696 1.1219 0.14182 0.055959 -0.29349 -0.13826
2.8264 0.8975 -0.15642 0.085158 0.20231 -0.050133
3.1108 1.1518 0.026769 -0.054512 -0.10853 -0.23262
2.9453 1.0319 -0.037342 0.043581 0.0092477 0.13406
2.8739 0.97632 0.048413 -0.075217 0.056089 -0.35489
3.0917 1.0924 -0.0002375 -0.070588 -0.086598 -0.34095
3.2191 1.1272 -0.21744 -0.29545 -0.07705 0.13617
3.1665 1.1069 0.1536 0.35098 -0.34086 0.093902
2.9891 0.85023 0.14335 -0.0011026 0.24002 -0.2068
2.8305 1.0867 -0.1775 0.024247 -0.080381 0.21934
3.0873 0.9186 -0.12774 -0.080976 0.47877 -0.0099246
2.9595 0.96049 0.30326 -0.34644 0.22249 -0.14386
2.9453 1.1355 -0.18729 0.085143 -0.014909 -0.27976
3.0385 1.1161 0.12757 -0.1132 -0.0032275 0.12446
3.1067 0.92213 -0.25433 0.05452 0.063494 0.29967
2.6892 0.92914 0.086846 -0.020296 0.40575 -0.073442
2.5272 1.146 -0.2798 0.26298 0.080765 -0.068833
2.804 1.3715 0.061908 -0.097821 -0.13898 -0.036079
3.2513 1.3821 0.0054386 0.085426 0.064673 -0.32979
3.0281 0.90039 -0.085555 -0.030175 -0.57816 -0.14691
3.1512 1.0242 -0.10318 -0.068172 -0.216 -0.13948
2.8834 0.96277 0.11759 -0.0042083 -0.015952 -0.1671
3.1957 1.0471 0.11321 0.043858 0.16154 0.30251
2.9137 1.1085 0.13586 -0.0017534 0.38239 -0.19572
2.9028 1.0156 0.0052402 -0.044557 -0.095941 0.16492
2.9879 0.83865 0.34257 0.18243 0.29777 -0.0053496
3.3832 1.1839 -0.36162 -0.25306 0.11673 -0.023238
2.9712 1.215 0.34044 0.078247 0.025466 0.45019
2.9979 0.90989 -0.11901 -0.14713 0.016339 -0.17217
2.6283 0.74302 0.08724 0.21826 0.24052 0.46257
2.7832 1.2729 0.016336 -0.093556 -0.085276 0.17792
3.13 0.63876 0.20494 0.16505 -0.047266 -0.19625
2.8461 0.75278 -0.010043 -0.077733 -0.062389 0.044273
2.9405 0.66056 -0.11974 -0.10467 -0.34317 0.17714
2.5667 1.0844 -0.058962 -0.07285 0.12953 -0.060706
2.9546 0.82568 0.22515 0.19832 0.13729 0.10625
3.1453 1.1389 0.07882 0.12632 -0.14182 0.0058693
3.1101 0.8549 0.00015287 -0.037502 0.24828 0.094498
3.2189 1.1245 0.20185 -0.018899 0.023031 -0.12563
3.0775 1.6149 0.019517 -0.0091189 0.17165 -0.31272
3.2256 0.83049 0.1135 0.055319 -0.013405 -0.14346
3.0835 1.2249 0.13653 0.27922 -0.27772 0.0038525
2.7299 1.0229 0.10833 -0.15353 0.25657 -0.094971
3.1247 0.93046 -0.15166 -0.14743 -0.29021 0.30415
2.5106 0.74199 -0.39691 -0.26859 -0.55837 0.12044
3.0081 0.79382 -0.2602 -0.2636 -0.055691 -0.40442
3.0813 0.98203 -0.068452 0.13045 0.069149 -0.068937
3.0062 0.97333 -0.12521 0.22229 0.24043 0.014476
2.7947 0.76541 0.050201 -0.052924 -0.16264 0.026403
2.7631 1.0681 -0.31842 -0.49075 -0.041624 -0.19639
3.3062 1.2745 -0.12242 -0.19335 -0.043279 -0.063216
3.2771 0.93034 0.2411 0.24745 0.50394 -0.07589
2.9049 1.3351 -0.14767 -0.3631 0.017346 0.10005
2.9274 0.92986 -0.27258 0.34456 0.040274 -0.10954
3.0804 1.1669 -0.20966 0.045053 -0.096474 0.33014
3.0318 0.77506 -0.022213 0.08981 0.42012 0.0079135
3.1143 1.2401 0.10175 -0.17395 -0.032213 -0.13156
3.1414 1.3081 -0.0043883 0.21095 -0.13935 0.03186
2.9647 1.3261 0.058793 0.15354 -0.068237 -0.12668
3.0789 0.83631 -0.27235 -0.060423 0.31983 -0.078464
3.0442 0.88126 -0.41008 8.5419e-05 0.33873 -0.066306
2.77 0.80187 0.072838 -0.084066 0.19672 -0.055153
2.5829 0.91211 0.14238 0.2053 0.25699 0.20014
3.2147 1.3788 0.30689 0.035118 -0.095224 -0.05595
3.1405 1.2416 -0.049512 0.30253 -0.14499 -0.093066
2.9226 0.86761 0.17398 -0.037417 0.37031 -0.0012257
3.3733 0.51401 0.072363 0.056697 0.38704 0.052345
3.3558 1.3785 -0.12406 -0.23813 0.17164 -0.16302
2.9686 0.88575 0.020162 0.11928 0.14244 0.027128
2.8106 0.83061 0.058461 -0.43686 -0.23489 -0.31315
2.9344 1.097 0.47295 -0.0008254 -0.21353 -0.09071
3.0916 1.2044 -0.091815 -0.00092197 0.23717 0.044748
3.0161 0.93379 -0.076926 0.2116 -0.10633 -0.0094541
2.7932 1.1207 0.049835 0.088309 -0.0053852 -0.14842
2.9829 0.74318 -0.067719 0.46144 0.33446 0.17356
3.0876 1.1653 0.0779 0.18635 0.24115 -0.20425
2.9618 0.99457 -0.11102 -0.19884 0.25442 0.13356
2.8178 0.78946 0.08544 -0.13777 -0.23966 -0.049492
2.8311 1.1699 0.46131 -0.34019 0.1675 0.084486
2.8315 1.1923 -0.17767 -0.37645 -0.22466 0.11563
3.0821 1.2005 0.098155 0.25207 -0.40096 -0.060901
2.9274 0.98842 0.21344 -0.13528 0.050491 -0.38213
2.8169 1.188 -0.34869 0.28297 -0.09682 0.10555
2.7647 1.151 -0.00028211 0.25081 -0.10935 -0.14707
2.8488 1.3949 -0.065942 -0.3218 0.18971 0.0049905
2.9288 1.1034 0.1775 -0.12744 0.02218 -0.062131
2.8844 1.0951 0.14427 -0.27403 0.22203 0.029768
2.9528 0.6823 -0.051442 -0.013912 0.02076 -0.0873
3.1852 1.3136 0.24873 -0.04611 0.067121 0.081344
2.8756 0.9977 -0.11794 0.013751 0.32201 -0.037407
2.8538 1.2755 0.17461 -0.10508 -0.1474 0.28218
3.0063 1.0371 0.069856 -0.12581 0.21778 0.47063
2.5024 1.0396 0.18907 -0.15917 0.017947 0.034119
2.88 1.1413 0.24297 0.044645 0.073932 -0.1093
3.2237 0.98195 0.088131 0.23495 -0.059448 -0.038837
3.0181 0.95534 -0.25379 0.096481 -0.28831 -0.060891
2.7183 1.2603 0.017078 0.095791 -0.052567 0.31737
2.9192 1.2303 0.23063 -0.10512 0.085872 0.02532
3.423 0.80116 -0.31691 0.06217 -0.19392 -0.11783
3.0663 0.74039 0.21434 0.084281 0.28448 -0.06237
3.1826 0.77622 0.048167 0.22468 -0.12964 0.017474
3.3269 0.8431 -0.22208 0.18672 -0.0046975 -0.22014
2.8213 1.0693 0.048977 -0.070316 0.045812 0.11289
2.8538 0.93605 -0.14513 0.26798 -0.25574 0.32282
2.886 0.99959 0.19151 0.14756 -0.068279 0.17772
2.7641 1.2763 0.23209 0.0037025 0.080778 0.1959
2.9345 1.1091 0.13744 0.07439 -0.28411 -0.067133
2.6048 0.9234 -0.15797 -0.019208 0.075481 0.166
2.9714 1.008 0.20266 0.25934 0.043518 0.17225
2.854 1.3171 -0.13255 -0.15351 0.10762 -0.013067
2.6827 1.2155 0.13904 0.32953 0.058968 0.141
2.7697 1.3719 0.47429 -0.076264 -0.13896 0.20002
2.7729 1.0307 -0.026964 0.16533 -0.39377 0.024688
3.0524 0.64578 -0.031768 0.12584 -0.25515 -0.060008
3.0394 0.89548 0.31464 0.15389 -0.11575 0.066325
3.2258 1.0496 0.11138 0.12863 0.14783 -0.26455
2.8646 0.92942 -0.31949 -0.28038 0.071529 0.071782
3.1849 1.0731 -0.15336 -0.0031447 -0.1433 0.17343
2.6978 1.1719 0.099619 0.15462 -0.11572 0.039426
2.9918 0.69783 0.096957 0.088519 -0.14862 0.24801
2.647 0.9178 -0.078166 -0.14274 -0.13279 0.096609
2.8252 1.0138 -0.085024 -0.025672 0.38647 -0.10837
3.1771 1.0076 0.0062959 -0.38052 0.20415 0.030905
2.9132 1.0075 -0.021802 0.3664 -0.22137 -0.11231
3.0526 1.3708 0.051467 0.22223 0.15052 0.14379
3.2575 1.4582 0.029517 -0.058004 0.037443 -0.060636
2.5377 0.97681 0.033568 -0.07326 -0.043375 0.24725
3.0165 0.99402 -0.13227 -0.11145 -0.020181 0.025585
3.0777 1.327 0.27131 -0.23944 0.35132 -0.1971
3.5142 1.0399 -0.087746 -0.40426 -0.079596 0.30843
2.9175 0.90984 -0.2626 -0.23478 -0.11574 0.072006
2.5875 1.1335 -0.096223 0.16087 -0.00086915 -0.088539
3.1006 1.101 0.40502 -0.26024 -0.14041 -0.24469
2.886 0.89892 -0.088286 -0.093785 -0.10208 -0.047426
3.0856 1.2227 -0.072992 0.36549 0.17455 0.24393
2.804 0.63436 0.065389 0.068866 -0.34005 -0.29717
3.0704 1.2073 0.27127 -0.18365 0.12092 0.12285
2.9936 0.78963 -0.2209 0.1481 -0.33641 -0.058986
3.0281 1.2186 -0.07183 -0.2785 0.069608 -0.14393
3.3555 0.82641 0.034201 0.40848 0.21082 -0.0033831
3.0958 1.4805 0.28013 -0.26568 0.036943 0.21297
2.693 1.0577 -0.013633 0.057675 -0.16102 -0.3654
2.7855 1.375 -0.025947 -0.19031 0.29357 0.1838
2.8275 1.215 0.22208 -0.15475 0.10798 -0.074148
3.2502 0.74759 -0.081707 0.16416 -0.015907 0.11528
3.3475 0.91473 -0.21916 0.31246 -0.08748 0.063657
2.8836 0.68624 -0.18947 0.26245 -0.083028 -0.030037
3.06 1.2354 0.030479 -0.051698 -0.17049 0.11656
2.5823 0.765 0.14726 0.089374 -0.25537 0.1074
3.0939 0.76314 -0.014355 0.32042 -0.098704 -0.26951
3.0318 0.88797 -0.071741 0.082033 -0.010967 -0.076288
2.7937 0.83595 -0.2047 -0.12103 0.3521 0.029531
2.8901 0.97443 0.049066 0.055215 0.063744 0.21811
2.9312 1.071 -0.12372 -0.37179 -0.11439 0.2836
2.9291 1.2044 0.12036 -0.11945 0.38267 0.17469
3.1805 0.81807 -0.12941 0.12929 0.23995 -0.005276
3.3424 0.97444 0.14361 0.00067334 0.21879 -0.065416
2.9937 0.69834 0.060451 0.017947 0.10562 0.06764
2.8661 1.1328 0.52203 -0.12829 0.18646 -0.11555
2.8183 0.77544 0.11507 0.0066488 0.17474 -0.038003
2.7649 0.96033 -0.014754 0.12248 -0.24209 -0.36863
3.0918 0.84469 -0.098155 0.11008 0.0036665 0.032985
3.2369 1.2132 0.0007185 -0.10633 -0.23876 0.063153
3.4626 1.2094 0.044991 -0.21958 -0.24517 -0.106
2.2516 1.0835 0.2487 0.022117 -0.065417 0.27058
2.9145 0.88413 0.18519 0.0011021 -0.1269 0.17167
2.9038 1.2979 -0.12588 -0.11879 -0.12574 0.07125
3.261 1.0731 0.15442 0.25107 -0.025667 0.18972
2.9751 1.42 0.052056 -0.1091 0.020086 -0.14658
2.6952 1.07 0.046572 0.1308 -0.16899 -0.16102
2.9018 0.79886 0.53827 0.074307 -0.13063 0.084865
3.2459 1.1355 0.18333 0.096149 -0.30143 -0.15198
3.212 0.96038 0.05184 0.11098 -0.20428 0.038023
2.913 0.70517 0.078647 -0.16882 -0.10057 -0.26784
2.8794 1.0879 0.3143 -0.22631 0.069064 0.10468
3.2088 1.252 -0.22118 0.012275 0.24614 0.10902
3.28 1.2433 0.46876 -0.524 -0.06637 -0.067727
2.7153 0.89575 0.28445 0.011859 0.19212 0.32698
2.9419 0.91808 -0.26342 -0.055459 -0.14294 -0.043857
2.9549 0.85433 -0.22894 -0.075537 0.0029252 -0.17913
3.0704 0.97117 -0.052131 0.18235 0.46124 0.16953
3.1285 1.0009 0.025957 0.11629 -0.1106 -0.29851
3.0858 0.85963 0.078743 -0.16611 -0.25068 -0.28069
3.0562 1.3909 0.040088 0.098101 0.028762 0.046019
3.4731 0.84375 -0.031778 -0.13474 0.14281 0.051038
2.9345 1.1484 -0.20114 0.023884 0.040088 0.31477
3.1077 1.0066 -0.26835 -0.29418 0.11813 -0.14004
2.9518 0.82612 0.036321 0.045576 0.34894 0.36357
3.2123 1.2168 -0.23393 0.25515 -0.18831 -0.31989
3.6333 1.0637 -0.13259 0.0015852 0.013802 -0.41401
2.8569 1.1059 0.0071081 -0.33258 -0.098298 -0.030013
3.0163 0.66424 0.051067 0.30581 -0.31855 0.087758
3.2687 1.0761 0.11781 -0.095008 -0.037038 -0.22894
2.9757 0.88948 -0.13161 0.28945 -0.023411 0.12599
3.0751 0.79702 -0.37797 -0.28675 0.055188 -0.060242
3.1519 0.92401 -0.26446 0.019266 0.22021 0.053084
2.9628 0.91581 0.25362 0.18286 -0.08593 -0.26928
2.8173 1.0667 -0.21852 -0.07739 -0.024487 -0.13196
2.8751 0.95474 -0.11017 -0.26845 0.14732 -0.18391
3.207 0.93132 -0.061577 0.25911 0.052218 -0.080454
2.8346 0.89656 0.079982 0.16943 0.0096022 -0.098585
3.0671 1.1342 -0.084332 0.28863 -0.072856 0.17966
3.1937 1.0113 -0.016933 0.1744 -0.36073 0.006748
3.0138 1.0731 -0.17697 -0.28204 -0.52768 0.10902
3.2156 0.91113 0.47587 -0.1282 -0.26226 -0.029138
3.0212 1.1365 0.024208 -0.15272 -0.3046 -0.11734
2.7273 1.1447 -0.020726 -0.3706 0.073119 -0.18448
3.2701 1.0104 0.045847 -0.15748 0.1046 0.012981
3.0432 0.93595 0.12868 -0.48784 0.033136 0.20964
2.9619 1.1156 -0.1191 0.03455 -0.1168 0.22901
3.094 1.2752 -0.008352 -0.011862 0.062661 0.28968
2.522 0.66469 0.25335 0.37871 -0.040955 0.27076
3.434 1.0379 -0.091105 -0.095439 -0.051226 0.15973
2.9659 1.4075 -0.067936 -0.14317 0.1089 0.047062
3.0925 0.58122 -0.030001 -0.36671 0.037068 0.153
3.2359 1.1506 0.096816 0.15509 -0.011332 -0.0077003
3.2041 1.2175 -0.094166 -0.35946 -0.45906 -0.32452
2.8 1.0894 -0.15517 -0.017067 0.073878 -0.27724
2.83 0.85012 -0.16036 -0.08785 0.15744 -0.10149
3.1389 1.0681 0.038371 0.19501 0.42803 0.29347
2.6832 1.106 -0.24937 -0.40216 -0.24214 -0.43638
2.7737 1.2709 -0.095297 0.53614 0.078163 0.2008
2.9708 0.94408 -0.15667 0.032163 -0.29659 -0.17001
2.7862 1.0337 0.30318 0.43151 -0.35114 0.069349
2.8692 0.7837 0.020676 -0.094373 0.010224 0.1537
2.8129 0.96946 -0.34007 -0.076651 0.19777 -0.34914
3.0782 0.7296 0.043799 -0.090058 -0.055706 -0.32078
2.8178 0.9614 0.014336 -0.038263 -0.12825 0.26571
2.9611 0.84482 -0.15173 -0.01512 0.1858 -0.084914
3.1743 1.0453 -0.11267 -0.16344 0.035469 -0.020665
2.819 0.84113 0.10783 0.10433 -0.06228 0.16523
2.93 0.9769 0.24696 -0.10798 -0.40859 -0.25778
3.0582 0.95684 0.55027 -0.28302 -0.048774 0.0080501
2.7252 1.2158 0.14879 0.30857 0.1375 -0.71003
2.8066 1.0624 -0.16301 0.056674 -0.013248 -0.1095
3.0136 1.1026 0.22862 -0.17879 -0.11435 -0.14413
3.1696 1.3145 0.21114 0.2682 0.049855 -0.16034
3.1359 1.3453 0.10121 0.18584 -0.3087 0.11421
2.9692 1.1107 0.25536 -0.12788 0.30119 -0.18868
3.0082 1.0614 0.21336 -0.064629 -0.18717 0.28332
3.0725 0.61726 0.063984 -0.34012 0.15818 0.27743
2.9634 0.81832 0.24539 -0.10214 -0.16369 -0.25235
2.7065 1.0552 -0.066349 0.1577 -0.011339 -0.041937
2.6557 0.84491 0.020886 -0.085629 0.25501 -0.36629
2.9638 1.0229 -0.14447 0.022401 0.33225 -0.21008
2.9298 0.71618 0.14559 -0.24121 -0.17164 0.28459
3.1647 0.84881 0.20331 -0.13182 0.021205 0.36687
3.4514 0.91137 -0.0060022 0.20782 0.1215 -0.046604
2.9581 0.84319 -0.4544 -0.03133 -0.23957 -0.045588
3.4937 1.0068 0.30191 -0.22214 0.25511 -0.33472
2.944 1.0582 0.12402 -0.024852 -0.21644 -0.24354
2.8556 0.79617 -0.11582 -0.1901 0.24841 0.053983
3.0567 0.8322 0.055362 0.064602 -0.18721 -0.23783
2.613 1.1746 -0.20243 0.0093476 0.016622 0.018243
2.8724 0.95473 -0.061383 0.26991 -0.23124 -0.041182
3.2133 1.0842 -0.21764 0.15863 -0.54037 -0.098518
3.3135 1.0997 0.15832 -0.018591 -0.076043 0.13918
3.4634 0.94632 0.2874 -0.10786 -0.086014 0.13015
2.8196 1.1885 -0.33665 -0.48415 -0.031784 0.065776
3.2551 1.0239 0.19089 0.048112 0.1359 -0.19375
2.9847 0.88044 -0.047398 0.45933 -0.28083 0.0068354
2.9358 1.0759 0.35854 0.18246 -0.13138 -0.28675
3.1696 0.80158 -0.14305 0.09307 -0.30449 0.31125
3.0206 0.95318 0.16156 0.16124 -0.049834 0.22047
3.0735 1.22 0.052695 -0.038219 0.34975 -0.15664
3.1266 1.4045 -0.08267 0.12693 0.063911 -0.069649
2.9993 1.1236 0.4657 0.17729 -0.048817 -0.39462
3.0498 1.0522 -0.1583 0.20187 0.078175 0.11738
2.9028 0.86323 -0.093485 -0.22212 -0.10451 0.14537
2.5489 0.64561 0.005318 0.065699 -0.18977 0.10729
3.2518 1.1367 -0.31268 -0.14611 -0.17076 -0.067751
2.8657 0.83168 0.38198 -0.066594 -0.030485 0.057272
2.6536 0.77167 0.093973 0.070278 -0.2322 0.22513
2.9867 1.0283 0.021857 -0.10999 -0.36626 -0.026175
2.687 0.96707 0.041469 0.039592 -0.27725 0.07332
2.7579 1.0503 0.12064 0.31968 -0.41016 0.16585
2.9676 0.98494 -0.11248 0.046831 -0.051724 -0.12375
2.8923 1.1233 0.098325 0.22012 0.072589 -0.029179
2.7723 1.063 -0.061317 0.044303 0.17492 -0.098569
2.9035 0.94816 0.042519 0.40739 -0.17458 0.26799
2.9569 1.1796 0.011941 -0.10684 -0.05184 0.19177
3.2534 1.1922 -0.11275 -0.25776 0.080174 0.1056
2.4975 1.0048 0.41911 -0.037687 -0.12884 -0.20155
2.6378 0.90211 0.060286 -0.19678 0.050693 0.15759
2.8813 1.0984 0.1131 -0.0085611 0.39129 -0.25444
3.055 0.81465 -0.14435 0.088195 0.21858 0.034021
3.261 0.81397 0.067632 -0.10618 -0.15147 -0.52631
3.152 1.375 0.099928 0.27526 0.011796 -0.24608
2.8255 0.83947 0.22048 -0.096072 0.018288 -0.26663
2.9634 0.67483 -0.14048 0.1519 0.34193 0.097088
3.0194 1.2147 0.1456 -0.48977 -0.35831 -0.16667
2.8253 0.67995 -0.13565 -0.18624 0.22004 -0.122
2.7448 0.91675 -0.13699 0.052432 -0.046257 -0.2971
3.1161 0.92721 -0.12001 -0.17036 0.15878 -0.021786
2.6894 1.4342 -0.068339 0.054212 0.070965 -0.26131
3.2442 1.0502 0.028731 0.27013 0.031819 -0.34446
2.9968 1.2334 0.24253 0.052935 -0.33869 0.21929
2.9885 1.0384 0.25625 0.080551 -0.74444 -0.33275
2.8344 0.74174 0.030693 0.030392 -0.13862 0.23389
2.8424 0.93088 -0.13348 -0.17929 0.010923 -0.27883
2.9376 1.1661 0.16276 -0.38922 0.081344 -0.091597
3.0901 1.0344 -0.063216 -0.0026633 0.12158 0.1452
2.8501 0.73453 -0.08381 0.204 0.068562 0.0788
2.9115 0.84687 0.41541 -0.021033 -0.0066495 -0.054739
3.0139 0.9361 -0.20884 0.098589 0.28796 0.036974
2.8512 1.0113 0.20406 0.35663 -0.28105 0.022802
2.9133 1.1089 0.033783 -0.11773 -0.36144 -0.24284
2.8787 0.94526 0.23515 -0.11891 0.074407 0.18116
3.0463 1.017 -0.12211 0.16826 0.32572 0.095108
3.0615 1.0471 0.20681 -0.066179 -0.10244 0.10637
2.9387 1.1784 -0.29277 0.26527 -0.14612 0.04771
2.9064 1.1427 -0.2835 -0.21346 0.32648 -0.19508
2.8603 1.0125 -0.15974 0.029341 0.23519 0.013737
3.3452 0.71005 -0.056929 -0.17481 0.0737 -0.25233
2.6481 0.92129 -0.36301 -0.17962 -0.10946 -0.33408
3.1128 1.0611 -0.12543 -0.27847 -0.055059 -0.03357
2.5654 1.2615 0.087106 -0.35071 0.39562 -0.030709
2.7053 0.81479 0.052541 -0.28796 -0.094709 -0.020301
2.915 1.0407 -0.1424 -0.050103 0.038145 -0.44402
2.6164 0.78658 0.015971 0.040559 -0.14622 0.26249
3.2266 0.96458 0.66511 -0.073062 0.19668 -0.012604
2.655 1.376 -0.21271 0.014746 0.38416 0.12855
3.0742 0.97092 0.04904 0.37803 -0.092192 -0.044308
2.9089 0.91759 -0.034496 0.12377 0.017642 -0.15214
3.3304 0.82609 -0.066087 0.016019 -0.33644 -0.20182
2.7413 0.46714 0.4266 -0.14607 0.16801 0.0034388
2.8012 0.99192 0.080949 -0.22856 0.23962 0.23937
2.9805 1.1229 -0.24372 0.11437 -0.025662 0.3217
2.8086 1.4023 0.004017 0.089102 0.28991 0.22059
2.8248 0.81695 -0.18296 0.21495 -0.02714 -0.088942
1.7277 2.5776 3.6567 3.9061 4.1344 3.979
2.0269 2.9091 4.0625 4.1628 3.851 3.7465
2.1087 2.8712 3.5571 4.0493 4.1196 4.1406
2.0741 2.9841 4.0247 4.3871 4.0093 3.9297
2.2784 3.2314 4.3416 4.1931 4.1117 4.278
1.9668 2.9419 3.8389 4.3468 4.4697 4.2035
1.8821 2.7594 3.8196 4.0115 3.7427 3.6898
1.6985 3.09 3.592 4.0984 4.0846 3.7888
1.8108 2.8842 3.8725 4.1694 3.9713 3.8297
2.1009 3.196 3.6548 4.2408 3.794 3.611
2.015 3.2262 4.2448 3.9214 4.1379 3.9752
1.9616 3.2301 4.0477 4.1923 4.098 3.871
2.1102 2.9691 3.755 4.0409 3.9985 3.8952
2.0236 2.8305 4.3805 3.6809 3.6919 4.2103
1.8465 2.8721 3.8724 4.1794 4.0237 4.0994
1.628 2.6436 4.0437 3.6239 4.3801 4.0641
2.2613 2.6455 4.1064 4.098 4.229 3.9304
1.7264 2.8564 3.8948 3.9353 3.9574 4.0508
2.4205 2.8327 3.8665 4.3507 4.4934 3.8534
1.6172 3.0992 3.8592 3.9845 3.98 4.0645
1.7383 3.0474 3.9165 3.702 3.9716 3.7908
2.5728 3.01 3.9803 3.954 3.9764 4.2434
1.7227 2.8464 4.2026 4.094 3.9614 4.2707
1.98 3.1898 3.9994 4.358 4.1658 4.1303
1.8288 2.9119 4.077 4.0578 3.7147 4.0554
2.0707 2.6467 3.7698 4.2923 3.8912 3.7737
1.9279 3.2497 4.0858 3.5499 3.8898 3.6818
1.8778 2.62 4.1337 4.2056 4.1691 4.1999
2.2489 2.8371 3.8982 3.7228 3.6068 3.8129
1.7374 3.0107 3.925 4.0872 3.8133 4.068
2.0391 2.672 3.6082 3.5333 3.869 4.0167
2.1023 2.8011 3.915 3.5458 4.3565 3.8426
2.075 2.6794 3.9015 4.1919 3.7576 4.0998
1.7638 3.1294 4.0987 3.9753 4.3588 3.6786
2.1072 3.3561 4.0622 4.1416 3.9629 4.1763
1.6407 2.7737 3.782 3.7709 4.4787 4.3461
1.8761 3.0884 3.6693 3.8588 3.9415 4.0611
2.2408 3.1234 3.996 4.2485 3.9632 4.131
2.4069 2.766 3.9439 3.8041 3.6863 4.198
1.9077 2.6597 3.7952 4.1971 4.1294 4.0225
1.683 2.8959 3.8075 4.2677 3.8675 4.1702
2.3391 3.2675 4.1244 3.7421 4.4648 3.7357
1.8628 2.9967 4.1493 4.0547 3.8394 3.8011
1.6996 2.9238 3.9424 3.9719 3.9238 4.1007
1.9719 2.8827 3.9446 4.3279 4.013 4.2123
1.924 2.8597 4.2786 4.1224 3.8793 4.2752
1.9527 2.9867 3.9899 3.969 4.0567 3.7138
2.1098 2.5086 3.9966 3.7752 4.0914 3.798
2.1736 2.8595 3.8115 4.0545 3.9271 3.8947
1.889 3.1694 3.9015 3.9774 3.8808 3.9647
1.8424 3.1032 4.0529 4.1695 4.0507 4.0654
2.0381 3.3095 3.9746 3.9281 4.056 3.9199
1.7352 2.8809 3.8885 4.0939 4.1065 3.9584
2.0466 2.8218 3.9804 3.9389 4.1385 4.1728
1.8902 2.614 4.0121 4.2338 4.2229 4.1254
2.1985 2.8138 3.7486 4.0918 3.9692 3.7628
2.1412 3.276 4.0522 4.056 4.0248 3.8585
2.0041 3.1711 3.7714 4.1907 4.2512 3.9827
1.977 3.2742 4.0948 4.0889 3.97 3.8368
1.9097 3.0835 3.8165 3.9939 3.8528 3.7318
2.326 3.1739 3.9588 4.2294 4.0166 4.0944
2.0859 3.0604 4.0026 3.9978 3.8553 4.2357
1.9404 2.9916 3.7853 4.0063 4.3 3.7775
2.1442 2.7071 4.1072 4.3076 4.0248 3.769
2.3438 2.79 3.8654 4.0876 4.075 3.9847
2.0506 3.0875 3.9662 4.0531 3.9259 3.896
1.8978 3.0158 3.798 3.8603 3.9759 4.0715
1.9591 2.9995 3.874 3.6957 3.8792 3.8815
2.2861 3.2049 4.1019 4.2446 4.0164 3.8862
2.1717 2.8643 3.8439 4.1085 3.8837 3.7916
1.8426 2.8725 3.7257 3.8516 4.1054 4.433
1.8825 3.1197 4.356 3.9968 3.9241 4.042
2.0416 2.8355 4.0227 3.8815 3.7806 4.0237
2.1798 3.1196 4.0003 4.1405 4.2158 3.9718
1.9344 3.1423 3.9983 4.3737 3.7408 3.7013
1.7874 3.0278 3.9884 3.9524 4.1872 3.9695
2.1032 3.3255 4.2316 3.9025 4.444 4.1944
2.0463 2.787 4.3406 3.9777 3.9772 4.0059
2.0452 3.4426 4.2705 3.9839 4.3179 3.9297
1.7867 2.9089 3.8786 3.9751 3.9863 4.1652
1.859 3.2 3.9387 4.1024 4.3677 4.0272
2.1003 2.8612 4.0464 3.8423 3.9657 3.8585
2.0181 2.8238 4.1714 4.0528 3.7434 3.6081
1.699 2.8132 3.9978 4.0767 3.758 3.6414
1.9003 2.6582 3.9521 3.7687 4.0889 3.8722
2.0133 2.807 4.347 4.0172 3.9446 3.7347
2.068 2.7811 3.7665 3.8585 3.867 3.8756
2.3321 3.1296 4.2712 3.4642 3.9447 3.97
1.9354 3.3297 3.8965 3.8379 4.0636 3.751
2.3255 3.202 4.4661 4.1109 4.0409 4.2477
2.0271 2.9961 3.8112 3.8452 3.9926 4.1324
2.1957 2.869 3.9055 3.8232 3.7503 4.0585
1.9403 3.2672 3.9138 4.1748 3.8977 4.0903
2.2461 2.9629 4.0435 3.4734 3.9057 4.04
2.0221 3.3324 4.0681 3.9997 4.1044 3.7415
1.9064 3.0993 3.9534 3.5212 4.1446 3.7263
1.7475 3.0851 3.9514 3.8441 3.6841 3.8755
1.5625 3.0709 3.9849 3.7389 3.9605 4.5874
2.0446 3.0797 4.322 4.0772 4.0019 4.0145
2.0638 3.2142 4.0602 4.2344 3.9781 4.1654
1.896 3.1706 3.765 3.9091 3.8988 4.3607
1.7975 2.7519 4.0533 3.7584 3.79 4.0937
8.0566 5.2682 -69.924 7.2871 -0.84008 20.326
8.0258 4.583 -70.129 6.9497 -0.96196 19.906
8.1061 5.0489 -69.611 6.7446 -0.99851 19.927
8.2534 5.1076 -69.839 6.9777 -0.81742 20.305
7.8615 4.8195 -69.986 6.8623 -0.75382 19.945
7.7793 5.0162 -70.157 6.7073 -0.92063 19.887
8.0756 5.2341 -70.009 6.873 -0.93372 20.176
8.0837 4.9919 -70.014 6.7971 -1.0267 19.992
8.1206 5.1565 -69.957 6.838 -1.2771 20.018
7.9572 5.0302 -70.471 7.124 -0.93788 19.982
7.9206 5.1189 -69.956 6.8567 -0.99765 19.809
7.8443 5.3058 -70.374 6.7558 -0.46997 20.019
8.0792 5.2715 -70.388 7.3521 -0.78795 19.791
7.9456 5.0874 -70.173 6.872 -1.1039 19.97
7.8698 5.1199 -69.981 7.2762 -1.151 20.194
8.1078 5.1286 -70.018 6.9835 -1.267 20.235
7.962 5.0791 -69.851 6.9499 -0.96692 19.913
8.2342 4.8182 -69.74 7.2083 -0.70495 20.057
8.2892 4.988 -70.032 6.915 -0.90906 19.917
7.9883 4.9494 -70.043 6.5746 -1.0471 19.658
8.0645 5.148 -70.139 7.1383 -0.91442 20.002
8.3512 5.1543 -70.006 7.1403 -0.87003 20.337
7.722 5.1458 -69.959 6.8192 -1.3317 19.822
7.9808 5.0817 -69.865 6.9365 -1.0462 20.135
8.1663 5.2404 -70.38 6.7585 -0.94277 20.21
7.8209 4.942 -70.091 6.9865 -1.0906 20.152
7.69 5.4043 -70.273 7.2018 -0.76851 19.967
8.036 4.9102 -69.843 7.0641 -0.95381 20.172
7.983 5.2403 -70.005 7.1387 -0.98466 20.103
8.0362 5.1178 -70.084 7.2397 -1.0675 20.074
7.7728 5.2761 -69.831 6.94 -1.1773 19.924
8.0764 5.0858 -69.865 6.8897 -0.99167 19.966
7.8768 5.1674 -69.928 6.9321 -1.0798 19.994
7.861 4.8212 -70.014 6.9211 -1.0583 20.089
8.3508 4.8368 -69.626 7.0269 -1.1353 20.13
8.0784 4.8917 -69.975 6.7133 -1.5122 20.061
7.7833 5.127 -69.879 7.2036 -0.87079 20.154
7.9444 5.4482 -69.946 7.0799 -0.73611 19.791
8.6063 4.7568 -69.715 7.2671 -1.1335 19.606
7.8172 5.032 -69.907 7.0632 -1.0942 19.988
8.358 5.0859 -70.042 7.0038 -0.8086 19.936
8.1673 4.8394 -70.142 6.8399 -1.3633 20.286
8.2479 4.863 -69.895 7.2709 -1.171 19.804
7.9171 5.1953 -69.943 6.968 -0.77971 19.781
7.7903 5.0038 -69.925 7.0628 -1.1888 19.918
7.9491 5.0379 -69.97 7.0439 -1.1492 20.112
8.2099 4.9602 -70.069 7.101 -1.1654 20.348
7.8425 5.0045 -70.157 6.9102 -1.0312 20.204
7.918 4.9936 -70.032 7.24 -1.4021 20.113
8.0156 4.7084 -69.994 6.9853 -1.0054 20.123
8.003 5.1381 -69.656 7.1391 -1.0242 19.858
8.3684 4.9236 -69.79 7.1711 -0.8648 20.078
7.8863 5.1539 -70.023 7.0039 -1.0065 19.909
7.7618 4.9163 -69.752 7.4009 -1.008 20.127
8.0867 4.6691 -69.962 6.8176 -1.3183 19.86
8.3363 5.0182 -70.215 7.1432 -0.90166 19.938
8.1119 4.9431 -70.255 6.7484 -1.0273 19.808
7.8952 5.0106 -69.971 6.6869 -0.93736 19.981
8.1288 5.1711 -70.263 7.127 -0.96848 20.26
8.0377 4.8522 -70.409 6.7962 -1.2416 20.031
7.7307 4.7202 -69.972 7.3812 -1.1735 19.681
7.536 4.8229 -69.892 6.9654 -0.99565 20.136
8.2928 4.6145 -70.086 6.8539 -1.136 19.485
7.7388 5.2402 -69.863 7.0182 -0.85732 19.725
7.9688 4.9255 -69.85 7.2963 -1.1748 20.217
8.0113 5.2558 -69.803 6.8135 -0.61699 19.712
8.043 5.3164 -70.301 6.9332 -1.0774 20.032
8.1167 4.9431 -69.912 7.435 -0.6891 20.346
8.1094 4.862 -69.926 7.1358 -0.79323 20.152
7.8798 4.7417 -70.272 6.8904 -0.89866 20.31
7.9811 5.1847 -70.245 7.2677 -0.98461 20.249
8.1274 4.8708 -70.195 6.5384 -1.023 19.97
7.921 5.1829 -70.002 7.1378 -0.84781 20.054
7.8229 5.1148 -70.085 6.71 -0.8052 20.489
7.8402 5.0032 -69.754 6.5737 -1.3848 19.951
8.2095 5.6775 -69.358 7.2033 -0.87178 19.886
7.6435 4.9805 -69.964 7.0196 -0.66858 20.022
8.3204 5.154 -69.838 6.719 -0.84117 20.131
7.8602 5.0765 -69.909 7.1103 -0.85545 20.234
8.0161 5.1086 -69.998 7.1972 -1.1194 20.211
7.7569 5.1769 -70.028 7.0617 -1.0685 19.975
8.0633 5.1736 -69.823 7.0704 -0.74912 20.075
8.244 5.3795 -70.236 6.7744 -0.75015 19.97
8.0954 5.313 -70.128 6.8055 -0.98191 20.038
8.1046 5.1009 -70.285 6.9593 -1.0481 19.531
7.737 5.1544 -70.22 7.0485 -1.3518 20.059
8.1763 5.2284 -70.087 6.804 -0.84315 19.991
8.0115 5.2458 -69.635 6.825 -1.0979 20.017
8.1342 5.2684 -69.886 6.9143 -0.79953 20.116
7.9676 5.1187 -69.96 7.3647 -1.0502 20.253
8.2373 4.8934 -69.864 7.1797 -0.67254 19.741
7.8388 5.0322 -70.473 6.6947 -1.3617 20.14
7.8739 5.6004 -69.838 7.1629 -1.032 19.937
8.163 5.236 -69.708 7.2751 -0.78148 19.995
7.9948 4.8242 -70.027 7.0785 -1.2782 19.918
7.9185 5.0187 -70.065 6.9354 -1.2618 19.768
7.7411 5.0617 -69.914 6.6254 -1.2247 19.926
8.1086 5.0418 -69.828 6.7295 -1.1312 19.73
8.0179 4.8371 -69.848 6.6621 -0.98386 19.568
7.8182 4.9843 -69.92 7.0664 -1.3516 20.095
8.1599 4.8403 -69.797 6.8875 -1.1696 20.037
8.1314 5.0925 -69.94 7.1183 -1.0621 20.137
8.1245 4.688 -70.116 7.1888 -1.0723 19.877
7.9486 5.1857 -70.251 7.1562 -0.84001 20.102
7.8698 4.7742 -69.818 7.082 -0.97557 20.036
8.0816 5.0732 -69.761 7.1325 -0.98251 20.196
8.3793 5.0504 -69.802 6.7818 -0.77017 19.886
7.9326 5.1368 -70.081 6.5641 -1.397 19.723
8.1092 4.9004 -70.066 6.7849 -0.62435 19.952
7.8387 5.0517 -70.314 6.8956 -0.9802 20.418
8.0597 5.0627 -69.844 7.2079 -1.1071 20.071
7.661 5.0949 -70.226 6.9676 -0.95878 19.831
8.2553 4.8969 -70.126 7.1356 -0.73628 20.035
7.7895 5.2084 -70.151 6.5949 -1.1988 20.308
8.4119 5.0431 -69.982 6.644 -1.3593 20.15
7.9501 4.8439 -70.104 6.9054 -1.0248 19.781
8.0418 5.0557 -69.835 6.8995 -0.68223 19.934
8.1074 4.9085 -69.659 6.9047 -0.81437 19.929
8.189 5.2182 -70.032 6.9332 -1.1124 19.962
7.9135 4.6239 -70.054 7.0583 -1.1506 19.871
7.8786 4.992 -70.164 6.751 -0.69135 19.889
8.1083 4.7656 -69.605 7.0019 -0.76702 20.154
7.9983 5.063 -70.124 7.0226 -0.82883 19.893
7.886 4.959 -69.848 6.803 -1.2102 19.942
7.947 5.138 -69.785 6.7867 -1.3809 19.686
7.7603 4.7421 -70.018 6.9175 -0.67899 20.148
7.9948 4.7522 -69.969 7.0693 -0.91108 19.926
7.7997 5.3136 -70.11 7.0087 -0.8613 20.005
7.8465 5.3271 -70.557 7.0941 -0.69883 19.973
7.9774 4.8765 -69.514 7.3245 -1.0067 19.949
7.8363 5.3075 -70.321 6.8268 -1.0877 19.782
7.7558 5.1415 -70.014 6.9027 -1.0513 19.979
7.8102 4.9577 -70.172 7.1617 -0.90215 19.931
8.0662 4.8297 -70.122 6.8758 -0.95859 20.011
7.5944 4.8039 -70.098 6.9569 -1.1027 20.131
8.2592 5.2014 -69.923 7.2165 -0.76348 20.111
8.3991 4.9494 -69.93 6.909 -1.1271 19.804
7.8477 4.7433 -70.06 6.8586 -0.68859 20.106
7.6131 5.2337 -70.107 6.6844 -0.89377 20.245
8.0583 5.0808 -70.16 6.9701 -1.0197 19.954
8.1466 4.8454 -70.064 6.9105 -0.917 20.252
8.3553 5.4183 -70.201 6.8538 -0.61158 20.075
7.8894 5.2802 -70.311 6.9072 -1.1875 20.224
8.3914 5.1484 -69.701 7.3127 -0.86068 19.898
8.1816 5.066 -70.224 6.8883 -0.70083 19.769
8.0648 4.8477 -69.888 6.8032 -1.2513 20.044
7.8228 5.2618 -69.896 6.9318 -1.0693 19.6
7.9979 5.4368 -69.938 6.7951 -0.93306 20.146
7.7354 5.1054 -69.714 7.0456 -1.0601 19.797
8.014 4.7978 -70.066 6.9167 -1.0095 20.093
7.9157 5.0139 -70.343 7.2005 -1.1983 19.944
8.034 5.179 -70.16 7.0054 -1.1176 19.783
7.9927 4.9659 -70.008 6.7939 -1.1029 20.067
8.1389 4.9459 -69.602 6.7967 -1.2681 20.327
7.8145 4.9622 -70.198 6.7653 -1.1547 19.967
7.9105 5.1734 -70.084 7.2538 -1.1645 19.688
8.059 5.2641 -70.047 7.2471 -1.0487 19.873
7.7523 5.2141 -70.259 6.9348 -1.1559 19.845
7.9433 5.0287 -69.953 6.8311 -0.93184 20.103
7.972 4.9546 -70.242 7.0621 -0.67077 20.15
7.977 5.1153 -69.963 7.1146 -0.97535 20.002
8.318 5.0246 -69.872 7.1556 -0.73461 19.969
8.1257 5.0131 -70.097 6.9796 -0.87913 19.851
8.3167 5.3768 -70.146 6.9306 -0.90768 20.081
8.277 4.9857 -69.681 6.833 -0.98393 20.065
7.8066 5.0118 -70.053 7.1715 -0.89086 20.371
8.1992 5.0206 -70.384 6.9738 -1.1537 20.478
8.0154 5.0751 -69.921 6.9775 -1.3658 20.418
8.0718 4.8411 -70.045 7.3188 -0.96896 20.036
7.9325 4.695 -70.142 6.8267 -0.9857 20.031
7.9636 5.1462 -70.07 7.0469 -1.1735 19.803
7.9413 5.1649 -69.961 7.0595 -1.142 19.862
8.1146 5.089 -70.265 6.7 -0.79681 19.994
7.9679 5.0758 -70.021 7.0426 -0.90639 19.677
8.0029 4.9924 -69.919 7.0611 -1.2486 20.026
7.8001 4.9292 -69.979 7.1911 -0.90704 20.053
7.7154 5.0222 -69.765 6.5769 -0.90757 19.508
7.939 5.0796 -70.341 7.1519 -0.95935 20.192
8.0974 4.9108 -69.935 6.996 -1.3777 20.068
8.0676 5.0849 -69.977 6.9763 -1.5373 20.31
7.8151 4.8559 -69.833 6.8867 -1.1998 20.128
7.9492 4.7757 -69.67 6.9387 -1.1548 19.729
7.9348 5.3106 -69.874 6.7945 -1.0404 20.172
8.3116 4.9741 -70.164 7.0577 -1.2263 20.176
7.8112 4.8757 -70.398 6.8096 -0.94841 20.24
8.2218 4.6775 -70.071 6.9983 -1.0029 20.043
8.036 4.8959 -70.048 6.8614 -1.137 20.187
7.7583 4.9278 -70.236 7.1289 -1.2178 19.66
7.7419 5.1091 -69.573 6.8846 -0.83496 20.323
8.2432 5.3228 -70.12 7.208 -1.0489 19.703
7.9288 5.0709 -69.633 7.1795 -0.94954 20.197
7.8971 4.7379 -70.137 6.7629 -0.80352 19.973
7.762 4.9585 -70.169 6.9371 -0.71514 20.298
7.8512 4.9251 -69.915 7.0228 -1.1022 20.204
7.7162 5.5093 -70.072 7.0803 -1.1412 19.796
8.2268 5.0077 -69.954 7.0251 -0.86074 20.348
8.1331 5.1375 -69.752 7.1797 -1.23 19.947
7.675 5.1163 -69.62 7.316 -0.81579 19.812
7.8526 5.036 -70.026 7.1736 -0.73712 19.95
7.9856 5.219 -69.902 6.664 -1.1623 19.85
7.7348 4.9637 -69.974 7.2788 -0.85876 20.233
7.8493 5.0644 -69.673 6.8704 -0.86535 20.255
7.792 5.0976 -70.181 6.9051 -1.1332 19.9
7.9382 4.8326 -70.126 7.1002 -0.66595 19.692
7.9456 5.0683 -69.903 7.1905 -0.97373 19.652
8.1336 5.1796 -70.11 6.9365 -1.1165 19.967
7.813 5.2376 -70.243 6.9238 -0.73547 20.077
7.9276 4.9147 -69.923 7.1806 -0.85644 20.347
7.7982 4.964 -70.405 7.0818 -0.85313 20.016
7.6627 4.5877 -69.636 6.7502 -0.81274 19.966
7.9843 4.8779 -69.886 6.9686 -1.2137 19.937
7.9966 4.9735 -69.911 7.0803 -1.5028 19.842
7.9772 5.0948 -69.863 7.108 -1.0761 20.289
7.8381 4.7058 -69.915 7.1928 -0.80592 20.104
8.175 5.0316 -69.687 7.2706 -0.98149 20.157
8.222 5.3 -70.026 7.2516 -0.78134 20.195
8.2401 4.9785 -69.876 7.2182 -1.0884 19.744
8.1318 5.0402 -69.91 6.9974 -1.1693 20.097
8.1866 5.0583 -70.043 6.9919 -1.0456 19.724
8.053 5.2124 -69.988 6.8871 -0.86747 20.242
8.091 5.0987 -69.956 6.8851 -0.97355 20.226
7.9888 5.1413 -70.012 7.118 -1.1239 19.762
7.5129 5.1464 -69.931 7.1456 -0.88577 19.644
8.0207 5.387 -69.814 6.9698 -1.0936 19.927
8.0516 5.0371 -70.179 6.9091 -1.0566 20.219
8.2036 5.0605 -70.252 7.048 -0.84331 19.961
7.7386 4.8469 -69.843 6.9863 -0.92336 20.062
8.1504 5.1914 -69.912 7.1106 -0.92656 19.771
8.1855 5.2095 -69.934 6.9521 -1.1136 19.687
8.0059 5.1214 -69.808 6.9749 -1.0965 20.344
8.3423 5.4784 -70.187 6.7432 -0.96748 20.078
8.137 4.9016 -70.04 6.9383 -1.3942 19.836
8.0135 4.9169 -69.832 7.1187 -0.9402 20.124
8.4109 4.9496 -69.467 7.3716 -0.74706 19.606
7.887 4.7366 -69.96 6.7883 -1.088 20.296
7.7543 4.6307 -70.15 6.9487 -0.86321 20.024
7.9295 5.0469 -70.228 7.0602 -0.79266 19.996
8.2371 4.9335 -69.796 6.7308 -0.99095 20.114
7.7904 4.7047 -70.118 6.9482 -0.72863 19.799
8.2088 4.9481 -70.124 6.9298 -0.57276 19.877
8.3028 5.0171 -70.101 7.1412 -0.97606 19.983
8.0964 4.9048 -69.577 7.0198 -0.83867 20.203
7.8133 5.2945 -69.803 6.8507 -0.93692 19.817
8.2461 4.9947 -69.818 7.0119 -0.94639 19.901
7.9082 4.9624 -69.515 7.1741 -0.88765 20.11
8.4797 5.0915 -69.869 6.8773 -1.0037 19.792
8.1092 4.8661 -69.727 7.1958 -1.0133 19.928
7.7251 5.1701 -69.828 6.9801 -0.57919 20.119
8.1204 5.0046 -69.846 6.8514 -1.0193 19.801
7.7537 4.6325 -69.682 6.5936 -0.52895 20.153
7.5771 4.9819 -69.823 6.8623 -0.84086 19.792
8.0196 5.3047 -69.925 7.2478 -0.98689 19.864
8.1027 5.0107 -69.574 6.8361 -0.9802 19.708
8.3254 5.1321 -69.717 6.9494 -0.90992 20.26
7.9413 5.1138 -70.281 6.9414 -1.0239 19.86
7.6846 5.0575 -69.952 7.1245 -0.8063 19.825
8.0525 5.029 -69.76 7.1849 -1.1568 19.637
7.8376 5.1978 -70.001 6.9593 -1.1393 19.875
8.0926 5.1516 -69.899 7.036 -0.7662 19.964
7.9967 4.8041 -69.96 6.9705 -1.204 20.111
8.054 5.4123 -69.897 7.1036 -1.0353 19.782
7.7627 5.0677 -69.693 7.0756 -0.80935 19.902
8.0627 4.9472 -70.158 7.1488 -1.0561 19.357
8.387 4.9402 -69.923 6.9091 -0.96871 19.948
7.9877 4.913 -70.221 6.9082 -0.94117 19.961
8.3195 5.6191 -70.151 6.8255 -1.2106 19.805
7.9776 5.0691 -69.969 6.7386 -0.69486 20.192
7.8028 4.9526 -70.097 6.9878 -1.128 19.857
8.0363 4.9395 -70 6.9297 -1.029 20.043
7.8692 5.2771 -69.879 6.4489 -1.1325 20.129
8.1871 4.7147 -69.647 6.992 -1.3005 19.915
7.8701 5.3141 -70.438 6.8386 -0.92263 20.149
7.675 5.2736 -70.282 6.8236 -1.0693 20.169
8.1101 5.001 -69.825 6.8913 -0.68556 20.018
7.6317 4.8192 -70.197 6.774 -0.86784 19.758
8 4.9757 -70.155 7.0218 -1.1405 20.37
7.698 5.053 -70.1 6.9581 -1.3461 20.168
8.0432 5.2191 -69.876 6.8409 -1.2444 19.898
8.1039 4.779 -70.049 6.5629 -1.1969 20.095
8.1633 5.2782 -69.916 7.0723 -1.1957 19.604
8.1989 5.1076 -69.911 7.1308 -1.0876 20.225
8.192 4.9423 -70.123 6.9899 -0.86616 20.23
8.1979 4.6214 -69.941 6.3862 -1.3198 19.831
8.0088 4.9885 -70.025 7.2074 -0.97655 20.176
7.9848 4.8171 -70.237 7.24 -1.0832 20.097
7.9987 4.8952 -69.908 6.8315 -0.81594 20.256
8.3641 5.1352 -69.813 7.1577 -1.2016 19.977
8.0838 4.7714 -70.045 6.7167 -1.0525 20.046
8.0672 5.1367 -69.804 6.9569 -0.80776 20.207
7.9686 5.0222 -69.818 6.9868 -1.1454 19.898
7.8713 4.7832 -69.753 6.583 -1.0184 20.026
8.0413 4.9573 -70.305 6.8912 -1.2056 20.138
7.9213 5.0951 -70.013 6.8882 -1.1471 19.723
7.8402 4.8778 -70.022 7.0829 -0.95398 20.171
8.0096 5.2047 -70.036 6.942 -0.83696 20.064
8.0277 4.9098 -70.031 6.8242 -1.0385 20.039
8.319 4.9116 -70.084 7.0452 -0.97072 20.002
8.0215 4.5901 -69.737 7.1236 -1.0839 19.869
7.862 4.6641 -70.05 7.2387 -1.3127 19.651
7.9952 4.7304 -70.057 6.8497 -0.91365 19.914
8.0244 5.0841 -69.919 7.0967 -1.0587 19.506
8.0504 4.8142 -69.894 6.7347 -0.7952 19.82
7.8688 5.0796 -69.531 6.8109 -0.6421 20.098
7.8214 5.1528 -69.956 6.906 -1.0874 19.59
7.9678 5.1062 -69.947 6.9336 -0.78699 19.921
8.1232 4.7684 -70.039 7.0573 -0.85576 20.008
8.0686 5.2512 -69.751 6.8874 -0.95308 20.309
8.0334 5.0063 -69.716 7.1784 -1.1314 20.001
7.7752 4.9503 -69.82 6.7424 -0.79568 19.923
7.8605 4.8531 -70.426 6.9811 -1.2304 19.664
7.999 4.8825 -70.08 7.0248 -0.96712 19.93
7.9429 4.9204 -70.051 6.8129 -1.2615 19.775
8.1056 5.0011 -69.82 7.236 -1.1527 19.789
7.6279 4.9578 -69.862 7.2996 -0.98479 19.907
8.0441 4.8356 -69.982 6.9838 -1.2477 19.933
8.0925 5.2849 -69.89 7.3885 -1.1387 20.037
7.9666 5.0295 -70.215 6.9793 -1.0631 19.925
7.9271 4.9483 -69.998 7.2592 -1.0758 19.999
7.6706 5.0372 -69.984 6.8706 -0.92596 19.943
7.9457 4.7741 -69.825 6.8155 -0.97844 20.024
8.1437 5.1478 -70.271 7.2581 -0.88532 19.81
7.8021 4.9181 -70.107 7.1931 -0.79627 20.042
8.2053 5.022 -69.735 7.2437 -1.2538 20.167
8.0736 4.956 -69.832 6.91 -1.1132 20.113
7.9788 5.0191 -69.771 6.9009 -0.95166 20.154
7.7669 5.0206 -70.034 7.0915 -0.94759 20.006
7.8357 5.1847 -69.701 7.0985 -0.83095 20.01
7.9211 5.0361 -70.311 7.3319 -0.8139 19.633
7.7374 5.1151 -70.032 6.9939 -1.3204 20.025
8.0361 5.127 -70.295 7.2041 -1.2123 20.012
8.3027 5.2659 -69.922 7.2124 -1.2305 20.165
8.1827 4.7942 -69.972 7.5717 -0.80764 20.249
8.1214 4.7684 -70.38 6.984 -1.2032 19.711
7.9723 5.0864 -69.549 6.9081 -0.9819 20.522
7.7926 5.0506 -70.053 7.2635 -0.97766 20.254
8.0824 5.1516 -70.334 6.8533 -1.2646 19.698
8.1823 5.2088 -70.027 6.8019 -0.79112 20.365
8.1407 4.8356 -70.09 7.1406 -0.98755 20.205
7.8036 5.3072 -70.058 6.8577 -1.235 20.171
7.9328 4.9452 -70.075 6.7921 -1.1417 19.976
8.4339 4.9247 -69.84 6.8116 -0.82538 20.179
8.1431 5.0743 -70.365 6.9717 -0.87972 19.638
7.9162 5.2395 -69.993 7.2713 -1.0677 20.248
8.032 5.1357 -70.288 6.7041 -0.90233 19.928
7.635 4.9094 -70.071 6.829 -1.2494 20.044
8.0671 4.8395 -69.735 6.9025 -1.3961 20.005
8.1627 4.6205 -69.624 6.9419 -1.1646 20.057
7.8921 5.1899 -69.734 7.0875 -1.0011 19.659
7.8472 5.0044 -70.4 6.7892 -0.9701 19.754
7.8458 5.0603 -69.962 7.0237 -0.51182 20.134
7.8641 5.0097 -69.768 7.3617 -0.86308 19.844
8.1371 5.1137 -69.895 6.9893 -1.0436 20.019
7.8802 5.1189 -70.01 7.2663 -0.85087 20.045
8.2663 5.1737 -69.932 6.8179 -0.73348 19.975
7.9297 5.006 -69.786 7.0237 -1.2273 19.944
7.8388 4.9456 -70.25 7.0712 -1.069 19.823
7.8837 5.2541 -70.239 7.0972 -0.96621 19.761
8.008 4.8149 -69.833 7.1103 -1.0234 19.802
7.896 4.9004 -69.931 7.2492 -0.84826 19.911
7.6234 4.8528 -69.929 6.7878 -1.001 20.295
8.3251 5.0352 -69.646 7.114 -0.85821 20.111
7.9014 5.0392 -69.896 7.2371 -1.5143 19.829
8.2773 5.1304 -69.956 7.1045 -0.76334 19.811
8.0822 4.6238 -69.974 7.0192 -0.748 19.853
8.1091 5.1912 -70.141 7.0623 -0.99025 19.965
7.9003 4.8675 -70.234 6.9073 -1.186 19.991
8.313 4.9407 -69.806 7.0976 -0.7299 19.999
7.9801 4.9697 -70.243 7.4065 -1.2854 19.975
7.9267 5.0147 -70.286 7.1557 -1.0086 19.954
8.2844 5.1349 -69.656 7.2629 -1.1094 19.949
8.2494 4.9166 -70.015 6.9102 -0.91653 20.215
7.8782 4.8996 -69.809 7.342 -0.80952 19.725
7.9863 5.0629 -69.985 6.8942 -1.3512 20.241
8.2123 5.1447 -70.076 6.7371 -0.88329 19.828
7.9521 5.2499 -69.808 6.9342 -0.92675 19.867
7.8432 4.9604 -70.257 7.3777 -0.89923 19.848
7.9986 5.1921 -70.035 6.954 -0.84444 20.295
8.1738 5.0272 -69.894 7.0046 -1.0897 19.868
7.843 4.8306 -69.998 6.6823 -1.0256 19.697
7.9463 4.8159 -69.971 7.1946 -1.336 19.85
7.8502 4.9079 -70.039 6.8142 -1.0513 20.199
8.0288 4.9002 -69.939 7.1088 -1.3553 19.965
8.3973 5.0115 -69.965 7.3153 -1.241 20.171
7.9385 5.0496 -69.879 6.9585 -1.1272 20.128
7.9754 5.0217 -69.881 7.1803 -1.0496 19.805
8.0852 5.2621 -70.124 7.0999 -0.71714 19.985
8.0661 4.9779 -70.185 6.8398 -1.2461 19.966
8.3606 5.0467 -69.674 6.8204 -1.0999 20.347
7.7282 4.7392 -69.601 7.1969 -0.95296 20.013
8.2231 5.13 -69.85 7.2872 -0.74283 20.048
7.7301 5.2741 -70.2 6.5014 -0.92396 20.03
7.8823 5.0298 -69.723 7.069 -1.0575 20.021
7.6682 4.7022 -70.214 6.7711 -0.5585 20.114
8.1976 4.9421 -70.146 7.1594 -0.91811 19.915
7.6415 5.4177 -69.596 6.7859 -0.75043 19.941
7.8761 4.7923 -70.091 7.0333 -1.287 20.023
7.6927 4.9657 -70.191 7.251 -1.1405 19.955
8.0855 4.9585 -70.115 6.6468 -1.0788 20.228
8.0838 4.7681 -69.809 6.9723 -0.85204 20.03
7.536 4.7867 -69.681 6.962 -1.1224 20.054
8.1149 4.8546 -69.939 6.7465 -1.1367 19.875
8.0377 5.3833 -69.881 6.8177 -1.3357 19.843
8.2988 5.1043 -70.217 7.2665 -1.1691 19.993
7.8596 4.9974 -70.137 6.8515 -1.1485 20.407
7.5988 5.2046 -70.093 7.1102 -0.79312 19.707
8.1481 4.9491 -70.206 6.9936 -1.0184 20.062
8.0807 4.9389 -69.85 7.0616 -0.74518 20.285
7.9019 4.9447 -69.786 7.4055 -0.74052 20
8.0423 5.3219 -70.225 6.9508 -1.1584 20.279
7.7499 4.8958 -69.988 7.066 -1.0794 19.797
7.9338 4.9348 -70.237 6.7324 -0.95922 20.139
8.1067 5 -70.125 6.6682 -1.2018 19.876
7.9405 5.0486 -69.956 7.1637 -0.93191 19.72
8.1554 4.7832 -70.097 6.8501 -0.87638 19.644
8.115 4.8471 -70.178 6.7265 -1.1739 19.746
7.8102 5.2263 -70.047 6.7785 -0.77292 20.112
8.0671 4.8816 -69.875 6.8614 -1.1664 19.87
7.9 5.0965 -69.828 6.5917 -1.1007 19.703
8.2328 5.3133 -70.138 7.1663 -0.89656 20.071
8.1778 5.144 -69.959 6.848 -0.70231 19.795
7.9788 4.9273 -69.802 7.2356 -0.74247 20.281
7.7154 5.0721 -69.998 6.8737 -0.96361 19.937
7.752 4.8387 -70.193 6.8199 -1.0269 20.039
7.8032 4.6892 -70.211 7.1211 -0.8277 19.715
8.0696 4.9088 -70.187 7.0559 -1.2788 19.724
7.9226 4.535 -70.163 6.7306 -1.358 19.821
8.0068 4.9355 -69.562 6.964 -1.1794 20.14
8.1222 4.8096 -70.025 6.7632 -1.0762 19.934
8.4192 5.1341 -70.238 6.7093 -1.1446 20.067
8.3732 4.8756 -70.036 6.6811 -0.75981 20.117
8.175 5.1458 -70.418 7.2237 -1.014 19.876
7.9072 5.217 -69.62 7.2027 -0.63818 19.891
7.6941 4.921 -70.217 6.7776 -1.076 19.7
7.8182 4.9772 -69.978 6.841 -1.0538 19.993
7.9276 5.1398 -70.182 7.0906 -0.69973 20.334
7.895 5.1 -70.196 7.0937 -1.3344 19.655
7.8158 4.633 -69.9 7.0141 -0.80238 20.061
8.1301 4.8026 -69.827 6.9945 -1.1316 20.228
8.1492 4.9625 -69.945 6.9248 -1.1694 20.042
7.9457 4.922 -69.928 6.9046 -1.0654 20.333
7.5456 4.8468 -70.254 7.4074 -1.0513 20.328
8.0357 5.0123 -70.235 6.7853 -1.0142 19.875
8.4135 4.7715 -69.722 7.085 -1.0682 19.793
7.8504 4.8643 -70.27 7.3049 -1.1629 19.757
8.0034 5.004 -70.277 6.9051 -0.95134 20.257
7.9298 5.1844 -70.324 6.9187 -0.9656 19.516
8.0449 4.8753 -70.222 7.2351 -0.94112 19.849
7.9264 4.7117 -70.211 7.2731 -0.59884 20.152
7.8526 5.0687 -70.109 6.859 -0.80234 20.399
8.0551 5.1966 -70.139 6.9464 -1.0678 20.265
7.9105 5.0047 -69.879 6.914 -1.1856 19.956
7.8565 4.8913 -69.825 6.9777 -0.83575 19.728
7.9805 4.7514 -70.003 6.7652 -0.93567 20.166
7.9146 5.033 -69.829 7.131 -0.9907 19.669
7.9103 4.6018 -70.075 7.1763 -0.90526 20.485
7.9614 5.1415 -69.978 6.8125 -0.99375 19.886
7.8156 4.8794 -70.04 7.5287 -1.1058 19.862
7.8553 4.9997 -69.77 6.7678 -1.4909 19.983
8.1993 4.5171 -69.846 7.2501 -0.96515 19.608
8.004 5.1129 -69.834 7.1418 -0.85334 20.225
7.7603 5.2069 -70.351 7.0107 -0.93462 20.219
7.8043 5.0364 -69.733 7.0787 -0.84889 19.994
7.8809 5.2014 -69.879 7.2177 -1.0907 20.011
8.2092 4.787 -69.887 7.0947 -0.68948 20.394
8.2618 4.7749 -70.327 6.7316 -0.85506 19.894
7.7856 4.9624 -70.021 6.7277 -0.99501 19.782
7.8329 5.1806 -70.107 6.8603 -0.7 20.206
8.087 5.0624 -70.182 6.8637 -0.84294 20.012
7.8918 5.4141 -70.118 6.8664 -1.0989 19.523
8.1046 5.2115 -69.893 6.7597 -1.2488 20.174
7.8723 5.2308 -70.227 7.1073 -1.1927 19.893
7.8645 5.2505 -69.84 7.0388 -0.74248 19.808
7.6569 5.0872 -69.988 7.0136 -1.1851 20.142
8.0998 4.7355 -70.009 7.2418 -1.0185 20.405
8.0144 4.9507 -70.256 7.0042 -0.88052 20.377
7.8379 4.958 -69.985 7.0671 -0.91398 20.296
8.1422 4.888 -69.519 6.8899 -0.91507 20.298
8.312 4.7982 -70.034 6.8452 -1.0279 19.969
7.7454 5.0758 -69.916 6.9611 -1.0892 19.932
7.5567 4.7653 -70.182 7.0303 -0.95539 19.916
8.1168 5.0505 -69.829 6.9921 -0.98111 20.124
8.0061 5.214 -70.124 7.0919 -1.03 20.087
7.8328 5.1597 -70.481 6.8615 -0.56715 20.331
8.0138 4.7982 -70.117 6.8632 -0.88782 20.329
7.9729 4.9894 -70.032 7.2498 -1.0559 20.063
7.7994 5.1472 -70.249 7.0914 -1.1875 20.624
8.0499 4.8376 -70.04 7.2551 -0.99686 19.688
8.161 4.9603 -70.188 7.2806 -0.96064 19.787
8.3306 5.2221 -70.263 7.0456 -0.84379 19.848
8.0812 4.9758 -70.043 6.7926 -0.73081 20.096
7.9919 5.0401 -69.716 6.9541 -1.1381 20.081
8.1811 4.9232 -70.257 6.6572 -1.2264 20.307
8.1979 4.7659 -70.038 7.0621 -1.1323 20.066
7.8566 4.7776 -70.192 7.1224 -1.0864 19.923
7.9926 4.8049 -70.108 7.1312 -0.80128 19.994
8.046 4.8451 -70.096 6.9187 -0.89525 19.95
8.2291 4.7957 -69.94 6.8708 -0.99472 20.024
7.5708 4.9584 -70.139 7.3936 -0.79073 19.967
7.2958 5.1292 -50.25 4.9507 -6.9324 38.946
7.3148 4.99 -50.064 4.8883 -7.0878 38.977
6.5912 5.1731 -50.033 5.3289 -6.7733 38.767
7.1124 4.7857 -50.208 4.928 -7.2932 38.772
7.0297 4.7407 -50.317 5.2835 -6.7922 39.227
7.1056 4.9859 -49.736 5.334 -7.1034 39.406
6.6668 4.6811 -50.117 4.8956 -6.8979 39.143
6.858 5.1902 -49.86 4.7092 -6.8829 39.215
6.7963 4.8893 -49.8 5.4392 -7.0694 38.935
7.1059 4.9485 -50.172 4.7502 -7.3318 39.375
7.0825 5.063 -49.933 4.8409 -6.8931 39.238
6.6743 5.0725 -49.967 5.0602 -7.0021 39.079
6.7791 5.0999 -49.961 4.9286 -6.9023 38.894
6.9052 5.0907 -50.087 4.6899 -7.3208 38.843
7.3736 5.4594 -50.013 4.689 -6.999 39.138
7.5147 5.3451 -50.08 4.7604 -7.0986 38.773
7.2659 4.9153 -50.036 4.8251 -6.8681 38.815
7.1453 4.8005 -49.944 4.9032 -6.8522 38.854
6.8553 4.7993 -50.026 4.9002 -7.1109 39.187
7.2587 4.9298 -49.617 5.1695 -6.654 38.799
6.8991 5.1872 -49.866 5.2696 -6.9317 39.073
6.9362 4.8902 -49.871 5.0375 -7.0072 39.1
6.8496 4.7985 -49.868 5.057 -7.3518 38.851
6.5998 5.137 -49.907 5.0306 -6.9031 38.867
6.9049 5.0098 -49.786 5.1098 -7.011 39.224
6.9907 4.8816 -49.819 5.063 -7.2199 38.781
6.8537 5.1808 -49.88 5.0111 -7.0357 39.039
7.2701 5.1506 -50.107 4.9632 -6.893 38.924
7.2251 5.0703 -49.713 4.9523 -7.0807 39.4
6.685 4.8499 -49.833 5.2598 -7.2344 39.163
7.161 5.266 -49.845 5.0714 -7.1615 39.261
7.1477 4.8147 -49.871 4.8522 -7.2646 38.913
7.01 5.2367 -50.044 5.0244 -6.9303 38.766
6.9409 4.9334 -50.144 4.7614 -7.2214 38.932
6.8697 5.292 -50.143 5.0052 -7.0747 39.317
7.2888 4.8879 -49.856 4.8711 -6.8167 39.433
6.9293 4.8436 -50.242 5.2283 -6.8861 39.169
6.9534 4.8196 -50.118 4.8762 -7.1771 39.003
6.9435 5.2203 -50.099 5.1605 -7.2016 39.384
7.0336 4.9948 -50.081 4.8926 -7.0971 38.929
7.2582 5.1071 -49.998 4.7987 -7.3395 39.363
6.971 4.9721 -50.226 5.1225 -7.1812 39.177
6.528 5.0842 -49.963 5.1002 -7.066 38.517
6.8074 5.543 -49.804 4.8401 -6.9032 39.093
6.5065 4.9361 -50.406 5.2324 -6.8102 39.297
7.4088 5.016 -50.106 5.0592 -6.956 38.967
6.9638 4.7959 -49.991 4.7299 -6.9472 39.124
7.134 5.1798 -49.894 5.1761 -7.0026 38.923
7.2792 4.6311 -50.222 4.8407 -6.8827 38.726
6.9912 5.1004 -50.067 5.1351 -6.8727 39.477
6.7182 4.8929 -49.804 4.9699 -7.0511 38.859
7.2334 5.1545 -49.825 5.0399 -7.3577 39.426
6.8404 5.1118 -49.681 5.03 -7.023 39.143
6.9315 4.8555 -50.445 4.9582 -6.9694 39.302
7.1388 5.2082 -50.043 5.2787 -6.8153 38.931
7.019 4.7091 -50.173 5.0716 -7.1623 38.959
7.2461 4.8609 -50.023 4.7848 -6.8531 39.111
6.6996 4.8276 -50.111 4.4704 -7.2536 38.843
7.1102 4.9543 -50.227 4.948 -6.8514 38.974
6.7363 5.6014 -49.951 5.3034 -6.4615 39.249
6.9774 4.5901 -50.307 4.9064 -6.9702 39.364
7.4796 5.1716 -50.251 4.9607 -6.5532 39.005
6.9872 4.8029 -49.932 4.8913 -6.913 39.227
7.3531 4.9967 -49.508 5.3616 -7.1693 39.333
7.0975 4.8163 -49.746 5.1898 -6.8818 39.021
6.785 5.4816 -49.741 5.3403 -6.9018 38.918
7.2382 4.724 -49.908 4.8555 -6.9939 39.133
7.1865 4.9296 -50.059 4.497 -7.2948 39.414
7.0713 5.1111 -50.254 4.9187 -7.4041 38.68
6.692 4.6179 -50.279 4.7498 -7.1589 39.245
7.3999 4.8416 -49.941 4.9669 -7.2359 38.795
6.6235 5.1753 -50.006 5.2151 -7.1501 38.918
7.1064 4.9962 -49.712 4.826 -6.7025 38.933
6.9709 4.9097 -50.108 5.3364 -7.1604 39.257
6.9719 4.9863 -49.971 4.9852 -7.2655 38.8
7.087 4.9439 -49.963 5.1352 -6.9703 38.913
6.9833 5.2724 -49.865 5.1606 -6.819 39.191
6.8463 5.4983 -50.031 5.0083 -7.301 39.217
7.1144 5.0384 -49.876 5.1732 -6.9283 38.494
6.9785 4.9668 -49.913 4.9399 -6.9711 39.019
6.9651 5.135 -49.983 5.1755 -7.1189 39.318
6.8295 4.9423 -50.297 4.8706 -6.747 39.095
6.8088 5.1012 -50.144 4.5779 -7.1083 39.398
7.0431 4.6036 -49.858 5.3922 -7.0083 38.97
7.1212 4.8336 -49.938 5.5111 -7.1759 39.015
7.0836 5.0895 -49.824 4.9584 -7.1496 38.987
6.6126 4.9562 -49.554 4.8871 -6.9258 39.104
7.0816 5.0158 -50.13 5.0732 -6.949 39.035
7.1247 4.966 -50.238 4.8459 -6.8574 39.21
6.8729 4.73 -50.207 5.2062 -6.8126 39.161
7.1986 4.9942 -49.968 5.1468 -6.8117 39.521
6.8034 5.0229 -49.91 4.7638 -7.3029 39.033
6.856 5 -50.195 4.9801 -6.9793 38.547
7.155 4.5883 -49.948 5.0044 -6.9526 39.311
6.6852 4.8596 -50.156 5.3169 -6.731 39.145
6.6817 4.9059 -49.893 5.0721 -7.1327 39.308
6.8821 5.0792 -49.591 5.3545 -7.0401 39.154
7.344 4.8056 -49.803 5.3818 -6.7937 39.253
7.0003 4.7373 -50.149 5.3169 -6.9853 39.169
6.7924 4.637 -50.419 5.0571 -7.4358 39.291
7.2331 5.0616 -49.791 4.9786 -7.3671 38.975